Fields line 1: Step number, CPU time, Day, Truncations, Total Energy
Fields line 2: APE of each interface, KE of each layer, 0 APE depth of each interface
Startup CPU time:       0.040000 sec.
     0,       0.000000,    0.000,      0, En 1.225743694364e+12
 7.90e-17,  1.23e+12,  0.00e+00,  0.00e+00,  -0.00, 243.58, 
   584,       5.230000,    0.500,      0, En 1.161034415486e+12
 4.71e+07,  1.09e+12,  9.04e+09,  6.00e+10,   0.00, 244.03, 
  1168,      10.460000,    1.000,      0, En 1.138336565189e+12
 4.15e+07,  1.09e+12,  7.68e+09,  4.37e+10,   0.00, 244.98, 
  1751,      15.680000,    1.500,      0, En 1.141723690605e+12
 8.80e+07,  1.09e+12,  1.15e+10,  3.67e+10,   0.00, 246.64, 
  2335,      20.860000,    2.000,      0, En 1.134921797832e+12
 1.49e+07,  1.08e+12,  1.32e+10,  4.08e+10,   0.00, 247.12, 
  2919,      26.100000,    2.500,      0, En 1.134283668968e+12
 2.51e+07,  1.08e+12,  1.45e+10,  3.76e+10,  -0.00, 247.68, 
  3503,      31.300000,    3.000,      0, En 1.133257600257e+12
 4.39e+07,  1.08e+12,  1.48e+10,  3.91e+10,  -0.00, 247.80, 
  4086,      36.540000,    3.500,      0, En 1.133785079007e+12
 5.70e+06,  1.08e+12,  1.50e+10,  3.89e+10,  -0.00, 247.84, 
  4670,      41.760000,    4.000,      0, En 1.137397720176e+12
 2.20e+07,  1.08e+12,  1.52e+10,  4.03e+10,   0.00, 247.68, 
  5254,      47.000000,    4.500,      0, En 1.138444663883e+12
 2.65e+07,  1.08e+12,  1.51e+10,  3.94e+10,  -0.00, 247.54, 
  5838,      52.220000,    5.000,      0, En 1.138176148535e+12
 4.00e+06,  1.09e+12,  1.49e+10,  3.51e+10,  -0.00, 247.31, 
  6422,      57.420000,    5.500,      0, En 1.140444654590e+12
 1.47e+07,  1.09e+12,  1.45e+10,  3.82e+10,  -0.00, 247.08, 
  7005,      62.760000,    6.000,      0, En 1.142410960448e+12
 1.07e+07,  1.09e+12,  1.41e+10,  3.74e+10,  -0.00, 246.81, 
  7589,      68.050000,    6.500,      0, En 1.144531093553e+12
 4.60e+06,  1.09e+12,  1.48e+10,  3.79e+10,   0.00, 246.66, 
  8173,      73.270000,    7.000,      0, En 1.146476967391e+12
 1.71e+07,  1.09e+12,  1.53e+10,  3.65e+10,   0.00, 246.53, 
  8757,      78.450000,    7.500,      0, En 1.147484356060e+12
 1.31e+07,  1.10e+12,  1.56e+10,  3.62e+10,   0.00, 246.37, 
  9341,      83.740000,    8.000,      0, En 1.148706029390e+12
 4.50e+06,  1.10e+12,  1.56e+10,  3.76e+10,   0.00, 246.23, 
  9924,      88.960000,    8.500,      0, En 1.150414340752e+12
 6.02e+06,  1.10e+12,  1.56e+10,  3.94e+10,   0.00, 246.01, 
 10508,      94.190000,    9.000,      0, En 1.153769652045e+12
 4.98e+06,  1.10e+12,  1.59e+10,  3.87e+10,   0.00, 245.80, 
 11092,      99.430000,    9.500,      0, En 1.154888644624e+12
 8.18e+06,  1.10e+12,  1.58e+10,  3.76e+10,   0.00, 245.59, 
 11676,     104.690000,   10.000,      0, En 1.156114624715e+12
 1.37e+07,  1.10e+12,  1.63e+10,  3.95e+10,   0.00, 245.43, 
 12259,     109.890000,   10.500,      0, En 1.156968284674e+12
 1.07e+07,  1.10e+12,  1.67e+10,  3.73e+10,   0.00, 245.29, 
 12843,     115.110000,   11.000,      0, En 1.158434035218e+12
 5.38e+06,  1.11e+12,  1.70e+10,  3.53e+10,   0.00, 245.22, 
 13427,     120.360000,   11.500,      0, En 1.157712722474e+12
 5.11e+06,  1.10e+12,  1.73e+10,  3.58e+10,   0.00, 245.11, 
 14011,     125.580000,   12.000,      0, En 1.160283717089e+12
 5.43e+06,  1.11e+12,  1.77e+10,  3.68e+10,   0.00, 245.10, 
 14595,     131.090000,   12.500,      0, En 1.161663527244e+12
 9.17e+06,  1.10e+12,  1.79e+10,  3.88e+10,   0.00, 245.04, 
 15178,     136.290000,   13.000,      0, En 1.162619480306e+12
 1.40e+07,  1.11e+12,  1.83e+10,  3.91e+10,   0.00, 244.96, 
 15762,     141.560000,   13.500,      0, En 1.164968411768e+12
 8.82e+06,  1.11e+12,  1.87e+10,  3.98e+10,   0.00, 244.86, 
 16346,     146.760000,   14.000,      0, En 1.165713918707e+12
 5.47e+06,  1.11e+12,  1.88e+10,  3.87e+10,   0.00, 244.77, 
 16930,     151.970000,   14.500,      0, En 1.166807324089e+12
 5.34e+06,  1.11e+12,  1.90e+10,  3.78e+10,   0.00, 244.72, 
 17514,     157.160000,   15.000,      0, En 1.166655020907e+12
 6.31e+06,  1.11e+12,  1.91e+10,  3.83e+10,   0.00, 244.66, 
 18097,     162.430000,   15.500,      0, En 1.166304246310e+12
 9.68e+06,  1.11e+12,  1.94e+10,  3.75e+10,   0.00, 244.58, 
 18681,     167.650000,   16.000,      0, En 1.168041629021e+12
 1.22e+07,  1.11e+12,  1.99e+10,  3.68e+10,   0.00, 244.56, 
 19265,     172.840000,   16.500,      0, En 1.168497462098e+12
 8.68e+06,  1.11e+12,  2.03e+10,  3.56e+10,   0.00, 244.55, 
 19849,     178.080000,   17.000,      0, En 1.168793655368e+12
 6.79e+06,  1.11e+12,  2.04e+10,  3.57e+10,   0.00, 244.47, 
 20432,     183.270000,   17.500,      0, En 1.168638240759e+12
 7.04e+06,  1.11e+12,  2.05e+10,  3.56e+10,   0.00, 244.43, 
 21016,     188.490000,   18.000,      0, En 1.169707547046e+12
 8.27e+06,  1.11e+12,  2.05e+10,  3.87e+10,   0.00, 244.32, 
 21600,     193.730000,   18.500,      0, En 1.171498617559e+12
 1.13e+07,  1.11e+12,  2.10e+10,  3.82e+10,   0.00, 244.25, 
 22184,     198.970000,   19.000,      0, En 1.171094875943e+12
 9.82e+06,  1.11e+12,  2.12e+10,  3.64e+10,   0.00, 244.21, 
 22768,     204.200000,   19.500,      0, En 1.172549279438e+12
 7.51e+06,  1.11e+12,  2.14e+10,  3.80e+10,   0.00, 244.18, 
 23351,     209.390000,   20.000,      0, En 1.173808497156e+12
 7.56e+06,  1.11e+12,  2.16e+10,  3.77e+10,   0.00, 244.15, 
 23935,     215.510000,   20.500,      0, En 1.173798169884e+12
 7.54e+06,  1.12e+12,  2.17e+10,  3.39e+10,   0.00, 244.11, 
 24519,     220.730000,   21.000,      0, En 1.173429978282e+12
 1.18e+07,  1.12e+12,  2.18e+10,  3.64e+10,   0.00, 244.06, 
 25103,     225.940000,   21.500,      0, En 1.173538076592e+12
 1.49e+07,  1.12e+12,  2.20e+10,  3.50e+10,   0.00, 244.07, 
 25686,     231.230000,   22.000,      0, En 1.173447490550e+12
 1.06e+07,  1.12e+12,  2.22e+10,  3.63e+10,   0.00, 244.08, 
 26270,     236.430000,   22.500,      0, En 1.174341503480e+12
 7.83e+06,  1.11e+12,  2.21e+10,  4.04e+10,   0.00, 243.95, 
 26854,     241.630000,   23.000,      0, En 1.175397997584e+12
 8.58e+06,  1.11e+12,  2.22e+10,  3.84e+10,   0.00, 243.98, 
 27438,     246.850000,   23.500,      0, En 1.175915433003e+12
 1.09e+07,  1.12e+12,  2.24e+10,  3.80e+10,   0.00, 243.92, 
 28022,     252.110000,   24.000,      0, En 1.177343280166e+12
 1.13e+07,  1.12e+12,  2.27e+10,  3.95e+10,   0.00, 243.89, 
 28605,     257.350000,   24.500,      0, En 1.177985495703e+12
 1.08e+07,  1.12e+12,  2.28e+10,  3.83e+10,   0.00, 243.87, 
 29189,     262.820000,   25.000,      0, En 1.177709542597e+12
 8.26e+06,  1.12e+12,  2.28e+10,  3.75e+10,   0.00, 243.79, 
 29773,     268.060000,   25.500,      0, En 1.176181874684e+12
 9.48e+06,  1.12e+12,  2.29e+10,  3.70e+10,   0.00, 243.77, 
 30357,     273.270000,   26.000,      0, En 1.176904890703e+12
 1.08e+07,  1.12e+12,  2.32e+10,  3.58e+10,   0.00, 243.78, 
 30941,     278.470000,   26.500,      0, En 1.178686077372e+12
 9.76e+06,  1.12e+12,  2.33e+10,  3.61e+10,   0.00, 243.77, 
 31524,     283.740000,   27.000,      0, En 1.177445312556e+12
 1.08e+07,  1.12e+12,  2.34e+10,  3.59e+10,   0.00, 243.77, 
 32108,     289.070000,   27.500,      0, En 1.176630926151e+12
 1.04e+07,  1.12e+12,  2.35e+10,  3.61e+10,   0.00, 243.74, 
 32692,     294.340000,   28.000,      0, En 1.177847528861e+12
 9.34e+06,  1.12e+12,  2.35e+10,  3.73e+10,   0.00, 243.73, 
 33276,     299.670000,   28.500,      0, En 1.178864789173e+12
 1.03e+07,  1.11e+12,  2.36e+10,  4.05e+10,   0.00, 243.65, 
 33859,     305.040000,   29.000,      0, En 1.179132381026e+12
 1.08e+07,  1.12e+12,  2.38e+10,  3.82e+10,   0.00, 243.67, 
 34443,     310.270000,   29.500,      0, En 1.180204517337e+12
 1.10e+07,  1.12e+12,  2.39e+10,  3.83e+10,   0.00, 243.66, 
 35027,     315.560000,   30.000,      0, En 1.180962125765e+12
 1.04e+07,  1.12e+12,  2.38e+10,  3.68e+10,   0.00, 243.64, 
 35611,     320.950000,   30.500,      0, En 1.181592319894e+12
 9.46e+06,  1.12e+12,  2.39e+10,  3.80e+10,   0.00, 243.55, 
 36195,     326.240000,   31.000,      0, En 1.180760042986e+12
 9.35e+06,  1.12e+12,  2.39e+10,  3.50e+10,   0.00, 243.55, 
 36778,     331.450000,   31.500,      0, En 1.179988978974e+12
 1.13e+07,  1.12e+12,  2.40e+10,  3.61e+10,   0.00, 243.54, 
 37362,     336.650000,   32.000,      0, En 1.180061056610e+12
 1.14e+07,  1.12e+12,  2.39e+10,  3.41e+10,   0.00, 243.53, 
 37946,     341.880000,   32.500,      0, En 1.179562735660e+12
 1.08e+07,  1.12e+12,  2.41e+10,  3.54e+10,   0.00, 243.54, 
 38530,     347.140000,   33.000,      0, En 1.180121299780e+12
 1.08e+07,  1.12e+12,  2.40e+10,  3.69e+10,   0.00, 243.51, 
 39114,     352.340000,   33.500,      0, En 1.179973581765e+12
 1.10e+07,  1.12e+12,  2.42e+10,  3.87e+10,   0.00, 243.49, 
 39697,     357.630000,   34.000,      0, En 1.180361589222e+12
 1.14e+07,  1.12e+12,  2.45e+10,  3.81e+10,   0.00, 243.52, 
 40281,     362.880000,   34.500,      0, En 1.183174221189e+12
 1.09e+07,  1.12e+12,  2.46e+10,  3.98e+10,   0.00, 243.51, 
 40865,     368.100000,   35.000,      0, En 1.182315002112e+12
 1.13e+07,  1.12e+12,  2.45e+10,  3.78e+10,   0.00, 243.49, 
 41449,     373.280000,   35.500,      0, En 1.182226478809e+12
 1.00e+07,  1.12e+12,  2.45e+10,  3.74e+10,   0.00, 243.47, 
 42032,     378.480000,   36.000,      0, En 1.181490160521e+12
 1.05e+07,  1.12e+12,  2.44e+10,  3.53e+10,   0.00, 243.44, 
 42616,     383.740000,   36.500,      0, En 1.182380465240e+12
 1.01e+07,  1.12e+12,  2.44e+10,  3.57e+10,   0.00, 243.40, 
 43200,     388.960000,   37.000,      0, En 1.181913854093e+12
 1.21e+07,  1.12e+12,  2.44e+10,  3.58e+10,   0.00, 243.42, 
 43784,     398.640000,   37.500,      0, En 1.180813681268e+12
 1.57e+07,  1.12e+12,  2.44e+10,  3.39e+10,   0.00, 243.41, 
 44368,     406.180000,   38.000,      0, En 1.180634190854e+12
 1.22e+07,  1.12e+12,  2.45e+10,  3.71e+10,   0.00, 243.39, 
 44951,     411.360000,   38.500,      0, En 1.182506880183e+12
 1.12e+07,  1.12e+12,  2.46e+10,  3.81e+10,   0.00, 243.44, 
 45535,     416.600000,   39.000,      0, En 1.183279856410e+12
 9.47e+06,  1.12e+12,  2.48e+10,  3.85e+10,   0.00, 243.42, 
 46119,     421.840000,   39.500,      0, En 1.183173913236e+12
 1.03e+07,  1.12e+12,  2.48e+10,  3.80e+10,   0.00, 243.40, 
 46703,     427.050000,   40.000,      0, En 1.184359286586e+12
 1.16e+07,  1.12e+12,  2.49e+10,  3.80e+10,   0.00, 243.39, 
 47286,     432.250000,   40.500,      0, En 1.183920158655e+12
 1.19e+07,  1.12e+12,  2.48e+10,  3.61e+10,   0.00, 243.35, 
 47870,     437.490000,   41.000,      0, En 1.183874350416e+12
 1.01e+07,  1.12e+12,  2.48e+10,  3.81e+10,   0.00, 243.32, 
 48454,     442.700000,   41.500,      0, En 1.183142472057e+12
 9.36e+06,  1.12e+12,  2.48e+10,  3.53e+10,   0.00, 243.34, 
 49038,     447.900000,   42.000,      0, En 1.183785015078e+12
 1.15e+07,  1.12e+12,  2.47e+10,  3.53e+10,   0.00, 243.29, 
 49622,     453.110000,   42.500,      0, En 1.183401093368e+12
 1.51e+07,  1.12e+12,  2.50e+10,  3.49e+10,   0.00, 243.34, 
 50205,     458.340000,   43.000,      0, En 1.182782655404e+12
 1.45e+07,  1.12e+12,  2.48e+10,  3.48e+10,   0.00, 243.29, 
 50789,     463.550000,   43.500,      0, En 1.182847303585e+12
 1.12e+07,  1.12e+12,  2.49e+10,  3.71e+10,   0.00, 243.28, 
 51373,     468.750000,   44.000,      0, En 1.183085193258e+12
 9.38e+06,  1.12e+12,  2.52e+10,  3.79e+10,   0.00, 243.30, 
 51957,     473.950000,   44.500,      0, En 1.183577880473e+12
 9.42e+06,  1.12e+12,  2.52e+10,  3.92e+10,   0.00, 243.28, 
 52541,     479.180000,   45.000,      0, En 1.184916196613e+12
 1.08e+07,  1.12e+12,  2.55e+10,  3.91e+10,   0.00, 243.30, 
 53124,     484.370000,   45.500,      0, En 1.184260098161e+12
 1.29e+07,  1.12e+12,  2.54e+10,  3.77e+10,   0.00, 243.31, 
 53708,     489.650000,   46.000,      0, En 1.183388113841e+12
 1.26e+07,  1.12e+12,  2.53e+10,  3.58e+10,   0.00, 243.28, 
 54292,     494.890000,   46.500,      0, En 1.183351068734e+12
 1.03e+07,  1.12e+12,  2.52e+10,  3.70e+10,   0.00, 243.27, 
 54876,     500.110000,   47.000,      0, En 1.184846309122e+12
 1.11e+07,  1.12e+12,  2.53e+10,  3.58e+10,   0.00, 243.30, 
 55459,     505.330000,   47.500,      0, En 1.184288129120e+12
 1.20e+07,  1.12e+12,  2.52e+10,  3.45e+10,   0.00, 243.31, 
 56043,     510.630000,   48.000,      0, En 1.183653994279e+12
 1.53e+07,  1.12e+12,  2.51e+10,  3.50e+10,   0.00, 243.30, 
 56627,     515.900000,   48.500,      0, En 1.182716746041e+12
 1.41e+07,  1.12e+12,  2.51e+10,  3.57e+10,   0.00, 243.30, 
 57211,     521.100000,   49.000,      0, En 1.184046737449e+12
 1.19e+07,  1.12e+12,  2.51e+10,  3.78e+10,   0.00, 243.29, 
 57795,     526.350000,   49.500,      0, En 1.184206911222e+12
 1.04e+07,  1.12e+12,  2.52e+10,  3.88e+10,   0.00, 243.27, 
 58378,     531.600000,   50.000,      0, En 1.185331657548e+12
 9.78e+06,  1.12e+12,  2.52e+10,  3.84e+10,   0.00, 243.22, 
 58962,     536.910000,   50.500,      0, En 1.186735419018e+12
 1.09e+07,  1.12e+12,  2.54e+10,  3.85e+10,   0.00, 243.24, 
 59546,     542.130000,   51.000,      0, En 1.185425956637e+12
 1.24e+07,  1.12e+12,  2.53e+10,  3.72e+10,   0.00, 243.21, 
 60130,     547.400000,   51.500,      0, En 1.185056695568e+12
 1.24e+07,  1.12e+12,  2.54e+10,  3.62e+10,   0.00, 243.19, 
 60714,     552.670000,   52.000,      0, En 1.184308002290e+12
 1.20e+07,  1.12e+12,  2.55e+10,  3.41e+10,   0.00, 243.22, 
 61297,     557.870000,   52.500,      0, En 1.183817471826e+12
 1.11e+07,  1.12e+12,  2.54e+10,  3.49e+10,   0.00, 243.22, 
 61881,     563.060000,   53.000,      0, En 1.183915037481e+12
 1.15e+07,  1.12e+12,  2.51e+10,  3.49e+10,   0.00, 243.22, 
 62465,     568.430000,   53.500,      0, En 1.183233640964e+12
 1.32e+07,  1.12e+12,  2.52e+10,  3.69e+10,   0.00, 243.21, 
 63049,     573.730000,   54.000,      0, En 1.182938044827e+12
 1.23e+07,  1.12e+12,  2.53e+10,  3.56e+10,   0.00, 243.22, 
 63632,     578.950000,   54.500,      0, En 1.185014288833e+12
 1.16e+07,  1.12e+12,  2.55e+10,  3.96e+10,   0.00, 243.20, 
 64216,     584.230000,   55.000,      0, En 1.185320397664e+12
 1.04e+07,  1.12e+12,  2.58e+10,  3.89e+10,   0.00, 243.21, 
 64800,     589.470000,   55.500,      0, En 1.186019276325e+12
 9.76e+06,  1.12e+12,  2.59e+10,  3.80e+10,   0.00, 243.22, 
 65384,     594.660000,   56.000,      0, En 1.184616326044e+12
 1.09e+07,  1.12e+12,  2.57e+10,  3.50e+10,   0.00, 243.21, 
 65968,     599.880000,   56.500,      0, En 1.185053037706e+12
 1.27e+07,  1.12e+12,  2.58e+10,  3.80e+10,   0.00, 243.19, 
 66551,     605.080000,   57.000,      0, En 1.185840387583e+12
 1.32e+07,  1.12e+12,  2.58e+10,  3.64e+10,   0.00, 243.22, 
 67135,     610.380000,   57.500,      0, En 1.185668226358e+12
 1.35e+07,  1.12e+12,  2.57e+10,  3.52e+10,   0.00, 243.23, 
 67719,     615.640000,   58.000,      0, En 1.184568469961e+12
 1.30e+07,  1.12e+12,  2.56e+10,  3.42e+10,   0.00, 243.24, 
 68303,     620.840000,   58.500,      0, En 1.183397794263e+12
 1.13e+07,  1.12e+12,  2.54e+10,  3.47e+10,   0.00, 243.24, 
 68886,     626.030000,   59.000,      0, En 1.184099379552e+12
 1.09e+07,  1.12e+12,  2.53e+10,  3.70e+10,   0.00, 243.24, 
 69470,     631.270000,   59.500,      0, En 1.184702783164e+12
 1.22e+07,  1.12e+12,  2.54e+10,  3.79e+10,   0.00, 243.24, 
 70054,     636.470000,   60.000,      0, En 1.185604762764e+12
 1.25e+07,  1.12e+12,  2.55e+10,  3.93e+10,   0.00, 243.24, 
