Fields line 1: Step number, CPU time, Day, Truncations, Total Energy
Fields line 2: APE of each interface, KE of each layer, 0 APE depth of each interface
Startup CPU time:       0.040000 sec.
     0,       0.000000,    0.000,      0, En 2.183022475546e+12
 3.51e-17,  2.18e+12,  0.00e+00,  0.00e+00,   0.00, 155.19, 
   584,       5.230000,    0.500,      0, En 1.989235114089e+12
 3.04e+07,  1.79e+12,  7.95e+10,  1.17e+11,  -0.00, 159.15, 
  1168,      10.440000,    1.000,      0, En 1.962716855397e+12
 6.05e+08,  1.75e+12,  9.62e+10,  1.16e+11,  -0.00, 159.36, 
  1751,      15.630000,    1.500,      0, En 1.975635036179e+12
 7.64e+08,  1.75e+12,  1.08e+11,  1.14e+11,  -0.00, 159.03, 
  2335,      20.800000,    2.000,      0, En 1.986912676859e+12
 2.20e+08,  1.76e+12,  1.16e+11,  1.15e+11,   0.00, 158.84, 
  2919,      25.980000,    2.500,      0, En 1.996534805362e+12
 4.40e+07,  1.76e+12,  1.19e+11,  1.19e+11,  -0.00, 158.57, 
  3503,      31.200000,    3.000,      0, En 2.004093318190e+12
 4.83e+07,  1.76e+12,  1.19e+11,  1.23e+11,  -0.00, 158.27, 
  4086,      36.360000,    3.500,      0, En 2.010006982741e+12
 1.88e+08,  1.77e+12,  1.19e+11,  1.25e+11,  -0.00, 157.96, 
  4670,      41.550000,    4.000,      0, En 2.014485673015e+12
 3.75e+08,  1.77e+12,  1.21e+11,  1.24e+11,  -0.00, 157.69, 
  5254,      46.720000,    4.500,      0, En 2.017733503276e+12
 2.74e+08,  1.77e+12,  1.23e+11,  1.23e+11,   0.00, 157.47, 
  5838,      51.970000,    5.000,      0, En 2.019953985783e+12
 1.18e+08,  1.77e+12,  1.23e+11,  1.23e+11,   0.00, 157.30, 
  6422,      57.180000,    5.500,      0, En 2.021402764140e+12
 8.52e+07,  1.77e+12,  1.23e+11,  1.24e+11,   0.00, 157.19, 
  7005,      62.340000,    6.000,      0, En 2.022279400822e+12
 1.36e+08,  1.78e+12,  1.22e+11,  1.25e+11,   0.00, 157.12, 
  7589,      67.520000,    6.500,      0, En 2.022726989615e+12
 2.28e+08,  1.78e+12,  1.22e+11,  1.24e+11,   0.00, 157.07, 
  8173,      72.750000,    7.000,      0, En 2.022908697023e+12
 2.39e+08,  1.78e+12,  1.23e+11,  1.23e+11,   0.00, 157.05, 
  8757,      77.940000,    7.500,      0, En 2.022962568608e+12
 1.73e+08,  1.78e+12,  1.23e+11,  1.23e+11,   0.00, 157.04, 
  9341,      83.120000,    8.000,      0, En 2.022969477587e+12
 1.31e+08,  1.78e+12,  1.23e+11,  1.23e+11,   0.00, 157.03, 
  9924,      88.280000,    8.500,      0, En 2.022944349576e+12
 1.39e+08,  1.78e+12,  1.23e+11,  1.23e+11,   0.00, 157.02, 
 10508,      93.500000,    9.000,      0, En 2.022880855894e+12
 1.78e+08,  1.78e+12,  1.23e+11,  1.23e+11,   0.00, 157.02, 
 11092,      98.670000,    9.500,      0, En 2.022776440100e+12
 2.02e+08,  1.78e+12,  1.23e+11,  1.23e+11,   0.00, 157.02, 
 11676,     103.850000,   10.000,      0, En 2.022636506579e+12
 1.85e+08,  1.78e+12,  1.23e+11,  1.23e+11,   0.00, 157.02, 
 12259,     109.040000,   10.500,      0, En 2.022477663184e+12
 1.60e+08,  1.78e+12,  1.23e+11,  1.23e+11,   0.00, 157.02, 
 12843,     114.280000,   11.000,      0, En 2.022307320753e+12
 1.52e+08,  1.78e+12,  1.23e+11,  1.23e+11,   0.00, 157.02, 
 13427,     119.470000,   11.500,      0, En 2.022137405129e+12
 1.65e+08,  1.78e+12,  1.23e+11,  1.23e+11,   0.00, 157.02, 
 14011,     124.670000,   12.000,      0, En 2.021966521557e+12
 1.81e+08,  1.78e+12,  1.23e+11,  1.22e+11,   0.00, 157.02, 
 14595,     129.880000,   12.500,      0, En 2.021798696146e+12
 1.81e+08,  1.78e+12,  1.23e+11,  1.22e+11,   0.00, 157.02, 
 15178,     135.170000,   13.000,      0, En 2.021641645143e+12
 1.70e+08,  1.78e+12,  1.23e+11,  1.22e+11,   0.00, 157.02, 
 15762,     140.370000,   13.500,      0, En 2.021496994827e+12
 1.62e+08,  1.78e+12,  1.23e+11,  1.22e+11,   0.00, 157.03, 
 16346,     145.560000,   14.000,      0, En 2.021369152117e+12
 1.65e+08,  1.78e+12,  1.23e+11,  1.22e+11,   0.00, 157.03, 
 16930,     150.780000,   14.500,      0, En 2.021256641291e+12
 1.72e+08,  1.78e+12,  1.23e+11,  1.22e+11,   0.00, 157.03, 
 17514,     155.960000,   15.000,      0, En 2.021165612508e+12
 1.75e+08,  1.78e+12,  1.23e+11,  1.22e+11,   0.00, 157.03, 
 18097,     161.130000,   15.500,      0, En 2.021087301667e+12
 1.72e+08,  1.78e+12,  1.23e+11,  1.22e+11,   0.00, 157.03, 
 18681,     166.380000,   16.000,      0, En 2.021016753145e+12
 1.68e+08,  1.78e+12,  1.23e+11,  1.21e+11,   0.00, 157.03, 
 19265,     171.600000,   16.500,      0, En 2.020953580814e+12
 1.67e+08,  1.78e+12,  1.23e+11,  1.21e+11,   0.00, 157.03, 
 19849,     180.930000,   17.000,      0, En 2.020897934476e+12
 1.69e+08,  1.78e+12,  1.23e+11,  1.21e+11,   0.00, 157.03, 
 20432,     188.750000,   17.500,      0, En 2.020850583471e+12
 1.72e+08,  1.78e+12,  1.23e+11,  1.21e+11,   0.00, 157.03, 
 21016,     194.120000,   18.000,      0, En 2.020811216507e+12
 1.72e+08,  1.78e+12,  1.23e+11,  1.21e+11,   0.00, 157.04, 
 21600,     199.360000,   18.500,      0, En 2.020783225666e+12
 1.70e+08,  1.78e+12,  1.23e+11,  1.21e+11,   0.00, 157.04, 
 22184,     204.690000,   19.000,      0, En 2.020756448550e+12
 1.68e+08,  1.78e+12,  1.23e+11,  1.21e+11,   0.00, 157.04, 
 22768,     210.000000,   19.500,      0, En 2.020728763599e+12
 1.69e+08,  1.78e+12,  1.23e+11,  1.21e+11,   0.00, 157.04, 
 23351,     215.230000,   20.000,      0, En 2.020701101536e+12
 1.70e+08,  1.78e+12,  1.23e+11,  1.21e+11,   0.00, 157.04, 
 23935,     220.460000,   20.500,      0, En 2.020679795835e+12
 1.71e+08,  1.78e+12,  1.23e+11,  1.21e+11,   0.00, 157.04, 
 24519,     225.700000,   21.000,      0, En 2.020663603425e+12
 1.70e+08,  1.78e+12,  1.23e+11,  1.21e+11,   0.00, 157.04, 
 25103,     230.880000,   21.500,      0, En 2.020651103464e+12
 1.69e+08,  1.78e+12,  1.23e+11,  1.21e+11,   0.00, 157.04, 
 25686,     236.040000,   22.000,      0, En 2.020642518190e+12
 1.69e+08,  1.78e+12,  1.23e+11,  1.21e+11,   0.00, 157.04, 
 26270,     241.260000,   22.500,      0, En 2.020629448474e+12
 1.70e+08,  1.78e+12,  1.23e+11,  1.21e+11,   0.00, 157.04, 
 26854,     246.450000,   23.000,      0, En 2.020614367262e+12
 1.70e+08,  1.78e+12,  1.23e+11,  1.21e+11,   0.00, 157.04, 
 27438,     251.620000,   23.500,      0, En 2.020599334265e+12
 1.70e+08,  1.78e+12,  1.23e+11,  1.21e+11,   0.00, 157.04, 
 28022,     256.790000,   24.000,      0, En 2.020592575978e+12
 1.70e+08,  1.78e+12,  1.23e+11,  1.21e+11,   0.00, 157.04, 
 28605,     262.190000,   24.500,      0, En 2.020589175125e+12
 1.69e+08,  1.78e+12,  1.23e+11,  1.21e+11,   0.00, 157.04, 
 29189,     267.350000,   25.000,      0, En 2.020585226798e+12
 1.70e+08,  1.78e+12,  1.23e+11,  1.21e+11,   0.00, 157.04, 
 29773,     272.520000,   25.500,      0, En 2.020579626423e+12
 1.70e+08,  1.78e+12,  1.23e+11,  1.21e+11,   0.00, 157.04, 
 30357,     277.670000,   26.000,      0, En 2.020570518019e+12
 1.70e+08,  1.78e+12,  1.23e+11,  1.21e+11,   0.00, 157.04, 
 30941,     282.880000,   26.500,      0, En 2.020561439667e+12
 1.70e+08,  1.78e+12,  1.23e+11,  1.21e+11,   0.00, 157.04, 
 31524,     288.060000,   27.000,      0, En 2.020553715188e+12
 1.70e+08,  1.78e+12,  1.23e+11,  1.21e+11,   0.00, 157.04, 
 32108,     293.240000,   27.500,      0, En 2.020554892693e+12
 1.70e+08,  1.78e+12,  1.23e+11,  1.21e+11,   0.00, 157.04, 
 32692,     298.430000,   28.000,      0, En 2.020555385902e+12
 1.70e+08,  1.78e+12,  1.23e+11,  1.21e+11,   0.00, 157.04, 
 33276,     303.630000,   28.500,      0, En 2.020552325371e+12
 1.70e+08,  1.78e+12,  1.23e+11,  1.21e+11,   0.00, 157.04, 
 33859,     308.830000,   29.000,      0, En 2.020545664481e+12
 1.70e+08,  1.78e+12,  1.23e+11,  1.21e+11,   0.00, 157.04, 
 34443,     314.000000,   29.500,      0, En 2.020539367168e+12
 1.70e+08,  1.78e+12,  1.23e+11,  1.21e+11,   0.00, 157.04, 
 35027,     319.190000,   30.000,      0, En 2.020535369787e+12
 1.70e+08,  1.78e+12,  1.23e+11,  1.21e+11,   0.00, 157.04, 
 35611,     324.410000,   30.500,      0, En 2.020533688277e+12
 1.70e+08,  1.78e+12,  1.23e+11,  1.21e+11,   0.00, 157.04, 
 36195,     329.560000,   31.000,      0, En 2.020537716248e+12
 1.70e+08,  1.78e+12,  1.23e+11,  1.21e+11,   0.00, 157.04, 
 36778,     334.740000,   31.500,      0, En 2.020537898493e+12
 1.70e+08,  1.78e+12,  1.23e+11,  1.21e+11,   0.00, 157.04, 
 37362,     339.940000,   32.000,      0, En 2.020533065296e+12
 1.70e+08,  1.78e+12,  1.23e+11,  1.21e+11,   0.00, 157.04, 
 37946,     345.170000,   32.500,      0, En 2.020526137256e+12
 1.70e+08,  1.78e+12,  1.23e+11,  1.21e+11,   0.00, 157.04, 
 38530,     356.490000,   33.000,      0, En 2.020523546918e+12
 1.70e+08,  1.78e+12,  1.23e+11,  1.21e+11,   0.00, 157.04, 
 39114,     363.590000,   33.500,      0, En 2.020523959613e+12
 1.70e+08,  1.78e+12,  1.23e+11,  1.21e+11,   0.00, 157.04, 
 39697,     369.230000,   34.000,      0, En 2.020526314111e+12
 1.70e+08,  1.78e+12,  1.23e+11,  1.21e+11,   0.00, 157.04, 
 40281,     374.460000,   34.500,      0, En 2.020529092978e+12
 1.70e+08,  1.78e+12,  1.23e+11,  1.21e+11,   0.00, 157.04, 
 40865,     379.660000,   35.000,      0, En 2.020526513975e+12
 1.70e+08,  1.78e+12,  1.23e+11,  1.21e+11,   0.00, 157.04, 
 41449,     384.840000,   35.500,      0, En 2.020521211445e+12
 1.70e+08,  1.78e+12,  1.23e+11,  1.21e+11,   0.00, 157.04, 
 42032,     390.000000,   36.000,      0, En 2.020515000370e+12
 1.70e+08,  1.78e+12,  1.23e+11,  1.21e+11,   0.00, 157.04, 
 42616,     395.250000,   36.500,      0, En 2.020517156670e+12
 1.70e+08,  1.78e+12,  1.23e+11,  1.21e+11,   0.00, 157.04, 
 43200,     400.500000,   37.000,      0, En 2.020520687358e+12
 1.70e+08,  1.78e+12,  1.23e+11,  1.21e+11,   0.00, 157.04, 
 43784,     405.800000,   37.500,      0, En 2.020522779852e+12
 1.70e+08,  1.78e+12,  1.23e+11,  1.21e+11,   0.00, 157.04, 
 44368,     411.200000,   38.000,      0, En 2.020522276611e+12
 1.70e+08,  1.78e+12,  1.23e+11,  1.21e+11,   0.00, 157.04, 
 44951,     416.510000,   38.500,      0, En 2.020517676433e+12
 1.70e+08,  1.78e+12,  1.23e+11,  1.21e+11,   0.00, 157.04, 
 45535,     421.710000,   39.000,      0, En 2.020513751300e+12
 1.70e+08,  1.78e+12,  1.23e+11,  1.21e+11,   0.00, 157.04, 
 46119,     427.070000,   39.500,      0, En 2.020510967387e+12
 1.70e+08,  1.78e+12,  1.23e+11,  1.21e+11,   0.00, 157.04, 
 46703,     432.290000,   40.000,      0, En 2.020516201339e+12
 1.70e+08,  1.78e+12,  1.23e+11,  1.21e+11,   0.00, 157.04, 
 47286,     437.440000,   40.500,      0, En 2.020520251260e+12
 1.70e+08,  1.78e+12,  1.23e+11,  1.21e+11,   0.00, 157.04, 
 47870,     442.610000,   41.000,      0, En 2.020519379644e+12
 1.70e+08,  1.78e+12,  1.23e+11,  1.21e+11,   0.00, 157.04, 
 48454,     447.770000,   41.500,      0, En 2.020515326106e+12
 1.70e+08,  1.78e+12,  1.23e+11,  1.21e+11,   0.00, 157.04, 
 49038,     452.970000,   42.000,      0, En 2.020511819837e+12
 1.70e+08,  1.78e+12,  1.23e+11,  1.21e+11,   0.00, 157.04, 
 49622,     458.200000,   42.500,      0, En 2.020510570991e+12
 1.70e+08,  1.78e+12,  1.23e+11,  1.21e+11,   0.00, 157.04, 
 50205,     463.370000,   43.000,      0, En 2.020512046592e+12
 1.70e+08,  1.78e+12,  1.23e+11,  1.21e+11,   0.00, 157.04, 
 50789,     468.540000,   43.500,      0, En 2.020517744187e+12
 1.70e+08,  1.78e+12,  1.23e+11,  1.21e+11,   0.00, 157.04, 
 51373,     473.770000,   44.000,      0, En 2.020518790058e+12
 1.70e+08,  1.78e+12,  1.23e+11,  1.21e+11,   0.00, 157.04, 
 51957,     478.960000,   44.500,      0, En 2.020515259222e+12
 1.70e+08,  1.78e+12,  1.23e+11,  1.21e+11,   0.00, 157.04, 
 52541,     484.190000,   45.000,      0, En 2.020509679290e+12
 1.70e+08,  1.78e+12,  1.23e+11,  1.21e+11,   0.00, 157.04, 
 53124,     489.420000,   45.500,      0, En 2.020508856720e+12
 1.70e+08,  1.78e+12,  1.23e+11,  1.21e+11,   0.00, 157.04, 
 53708,     494.670000,   46.000,      0, En 2.020511323951e+12
 1.70e+08,  1.78e+12,  1.23e+11,  1.21e+11,   0.00, 157.04, 
 54292,     499.830000,   46.500,      0, En 2.020514510017e+12
 1.70e+08,  1.78e+12,  1.23e+11,  1.21e+11,   0.00, 157.04, 
 54876,     505.000000,   47.000,      0, En 2.020517804606e+12
 1.70e+08,  1.78e+12,  1.23e+11,  1.21e+11,   0.00, 157.04, 
 55459,     510.200000,   47.500,      0, En 2.020515342675e+12
 1.70e+08,  1.78e+12,  1.23e+11,  1.21e+11,   0.00, 157.04, 
 56043,     515.360000,   48.000,      0, En 2.020510883767e+12
 1.70e+08,  1.78e+12,  1.23e+11,  1.21e+11,   0.00, 157.04, 
 56627,     520.550000,   48.500,      0, En 2.020506055568e+12
 1.70e+08,  1.78e+12,  1.23e+11,  1.21e+11,   0.00, 157.04, 
 57211,     525.740000,   49.000,      0, En 2.020509395028e+12
 1.70e+08,  1.78e+12,  1.23e+11,  1.21e+11,   0.00, 157.04, 
 57795,     530.950000,   49.500,      0, En 2.020513682993e+12
 1.70e+08,  1.78e+12,  1.23e+11,  1.21e+11,   0.00, 157.04, 
 58378,     536.140000,   50.000,      0, En 2.020516200607e+12
 1.70e+08,  1.78e+12,  1.23e+11,  1.21e+11,   0.00, 157.04, 
 58962,     541.300000,   50.500,      0, En 2.020515123981e+12
 1.70e+08,  1.78e+12,  1.23e+11,  1.21e+11,   0.00, 157.04, 
 59546,     546.480000,   51.000,      0, En 2.020511283029e+12
 1.70e+08,  1.78e+12,  1.23e+11,  1.21e+11,   0.00, 157.04, 
 60130,     551.700000,   51.500,      0, En 2.020508070004e+12
 1.70e+08,  1.78e+12,  1.23e+11,  1.21e+11,   0.00, 157.04, 
 60714,     557.740000,   52.000,      0, En 2.020506161767e+12
 1.70e+08,  1.78e+12,  1.23e+11,  1.21e+11,   0.00, 157.04, 
 61297,     568.790000,   52.500,      0, En 2.020512492289e+12
 1.70e+08,  1.78e+12,  1.23e+11,  1.21e+11,   0.00, 157.04, 
 61881,     575.070000,   53.000,      0, En 2.020516088606e+12
 1.70e+08,  1.78e+12,  1.23e+11,  1.21e+11,   0.00, 157.04, 
 62465,     580.430000,   53.500,      0, En 2.020515047005e+12
 1.70e+08,  1.78e+12,  1.23e+11,  1.21e+11,   0.00, 157.04, 
 63049,     585.660000,   54.000,      0, En 2.020510900205e+12
 1.70e+08,  1.78e+12,  1.23e+11,  1.21e+11,   0.00, 157.04, 
 63632,     591.030000,   54.500,      0, En 2.020507639215e+12
 1.70e+08,  1.78e+12,  1.23e+11,  1.21e+11,   0.00, 157.04, 
 64216,     596.350000,   55.000,      0, En 2.020507587087e+12
 1.70e+08,  1.78e+12,  1.23e+11,  1.21e+11,   0.00, 157.04, 
 64800,     601.560000,   55.500,      0, En 2.020509450261e+12
 1.70e+08,  1.78e+12,  1.23e+11,  1.21e+11,   0.00, 157.04, 
 65384,     606.740000,   56.000,      0, En 2.020515118158e+12
 1.70e+08,  1.78e+12,  1.23e+11,  1.21e+11,   0.00, 157.04, 
 65968,     611.940000,   56.500,      0, En 2.020515865248e+12
 1.70e+08,  1.78e+12,  1.23e+11,  1.21e+11,   0.00, 157.04, 
 66551,     617.110000,   57.000,      0, En 2.020511807667e+12
 1.70e+08,  1.78e+12,  1.23e+11,  1.21e+11,   0.00, 157.04, 
 67135,     622.310000,   57.500,      0, En 2.020506275975e+12
 1.70e+08,  1.78e+12,  1.23e+11,  1.21e+11,   0.00, 157.04, 
 67719,     627.500000,   58.000,      0, En 2.020506538561e+12
 1.70e+08,  1.78e+12,  1.23e+11,  1.21e+11,   0.00, 157.04, 
 68303,     632.680000,   58.500,      0, En 2.020509495542e+12
 1.70e+08,  1.78e+12,  1.23e+11,  1.21e+11,   0.00, 157.04, 
 68886,     637.870000,   59.000,      0, En 2.020513289144e+12
 1.70e+08,  1.78e+12,  1.23e+11,  1.21e+11,   0.00, 157.04, 
 69470,     643.070000,   59.500,      0, En 2.020515622463e+12
 1.70e+08,  1.78e+12,  1.23e+11,  1.21e+11,   0.00, 157.04, 
 70054,     648.300000,   60.000,      0, En 2.020512963543e+12
 1.70e+08,  1.78e+12,  1.23e+11,  1.21e+11,   0.00, 157.04, 
