Fields line 1: Step number, CPU time, Day, Truncations, Total Energy
Fields line 2: APE of each interface, KE of each layer, 0 APE depth of each interface
Startup CPU time:       0.040000 sec.
     0,       0.000000,    0.000,      0, En 2.183022475546e+12
 3.51e-17,  2.18e+12,  0.00e+00,  0.00e+00,   0.00, 155.19, 
   584,       5.200000,    0.500,      0, En 2.009981988906e+12
 7.13e+07,  1.85e+12,  6.25e+10,  9.57e+10,  -0.00, 158.82, 
  1168,      10.520000,    1.000,      0, En 1.935951644137e+12
 6.35e+08,  1.75e+12,  7.67e+10,  1.07e+11,  -0.00, 162.88, 
  1751,      15.780000,    1.500,      0, En 1.922332188441e+12
 6.61e+08,  1.73e+12,  8.64e+10,  1.05e+11,  -0.00, 164.77, 
  2335,      21.020000,    2.000,      0, En 1.915026576078e+12
 1.42e+08,  1.73e+12,  9.09e+10,  9.83e+10,  -0.00, 165.93, 
  2919,      26.270000,    2.500,      0, En 1.897378420488e+12
 8.31e+07,  1.71e+12,  9.03e+10,  1.02e+11,  -0.00, 166.38, 
  3503,      31.710000,    3.000,      0, En 1.896838627557e+12
 1.08e+08,  1.70e+12,  8.97e+10,  1.06e+11,  -0.00, 166.88, 
  4086,      37.030000,    3.500,      0, En 1.901713471484e+12
 2.92e+08,  1.70e+12,  9.09e+10,  1.07e+11,  -0.00, 167.18, 
  4670,      42.410000,    4.000,      0, En 1.910348282503e+12
 2.92e+08,  1.70e+12,  9.05e+10,  1.17e+11,  -0.00, 167.32, 
  5254,      47.770000,    4.500,      0, En 1.908098083289e+12
 1.48e+08,  1.71e+12,  9.33e+10,  1.03e+11,  -0.00, 167.33, 
  5838,      53.110000,    5.000,      0, En 1.905727491236e+12
 1.00e+08,  1.70e+12,  9.06e+10,  1.11e+11,  -0.00, 167.08, 
  6422,      58.370000,    5.500,      0, En 1.912711769164e+12
 1.13e+08,  1.70e+12,  9.01e+10,  1.22e+11,  -0.00, 166.94, 
  7005,      63.580000,    6.000,      0, En 1.920629804249e+12
 1.51e+08,  1.72e+12,  9.10e+10,  1.14e+11,  -0.00, 166.98, 
  7589,      68.810000,    6.500,      0, En 1.917071397090e+12
 2.48e+08,  1.71e+12,  9.12e+10,  1.14e+11,  -0.00, 166.79, 
  8173,      74.030000,    7.000,      0, En 1.920988659964e+12
 2.75e+08,  1.72e+12,  9.20e+10,  1.10e+11,  -0.00, 166.74, 
  8757,      79.250000,    7.500,      0, En 1.919290680021e+12
 2.31e+08,  1.72e+12,  9.24e+10,  1.10e+11,  -0.00, 166.59, 
  9341,      84.460000,    8.000,      0, En 1.915147110262e+12
 1.61e+08,  1.71e+12,  8.97e+10,  1.12e+11,  -0.00, 166.36, 
  9924,      89.670000,    8.500,      0, En 1.920292150118e+12
 1.86e+08,  1.71e+12,  9.02e+10,  1.17e+11,  -0.00, 166.46, 
 10508,      94.870000,    9.000,      0, En 1.924087699690e+12
 2.21e+08,  1.72e+12,  9.16e+10,  1.15e+11,  -0.00, 166.57, 
 11092,     100.100000,    9.500,      0, En 1.918594063569e+12
 2.44e+08,  1.71e+12,  9.11e+10,  1.14e+11,  -0.00, 166.38, 
 11676,     105.340000,   10.000,      0, En 1.924790467697e+12
 1.62e+08,  1.72e+12,  9.27e+10,  1.15e+11,  -0.00, 166.38, 
 12259,     110.570000,   10.500,      0, En 1.914923138271e+12
 1.58e+08,  1.72e+12,  9.22e+10,  1.03e+11,  -0.00, 166.37, 
 12843,     115.800000,   11.000,      0, En 1.916572293508e+12
 1.25e+08,  1.71e+12,  9.17e+10,  1.12e+11,  -0.00, 166.35, 
 13427,     121.180000,   11.500,      0, En 1.918498643735e+12
 1.59e+08,  1.72e+12,  9.19e+10,  1.11e+11,  -0.00, 166.37, 
 14011,     126.650000,   12.000,      0, En 1.917672471699e+12
 2.63e+08,  1.71e+12,  9.21e+10,  1.13e+11,  -0.00, 166.26, 
 14595,     131.950000,   12.500,      0, En 1.914115211829e+12
 2.54e+08,  1.71e+12,  9.18e+10,  1.12e+11,  -0.00, 166.29, 
 15178,     137.130000,   13.000,      0, En 1.914998625426e+12
 2.53e+08,  1.72e+12,  9.29e+10,  1.02e+11,  -0.00, 166.31, 
 15762,     142.350000,   13.500,      0, En 1.920504967105e+12
 1.22e+08,  1.71e+12,  9.45e+10,  1.12e+11,  -0.00, 166.36, 
 16346,     147.560000,   14.000,      0, En 1.928837684313e+12
 9.85e+07,  1.72e+12,  9.49e+10,  1.12e+11,  -0.00, 166.42, 
 16930,     152.760000,   14.500,      0, En 1.930671914263e+12
 1.64e+08,  1.72e+12,  9.60e+10,  1.14e+11,  -0.00, 166.43, 
 17514,     157.980000,   15.000,      0, En 1.922997921689e+12
 3.05e+08,  1.71e+12,  9.65e+10,  1.13e+11,  -0.00, 166.33, 
 18097,     163.200000,   15.500,      0, En 1.931360200589e+12
 2.23e+08,  1.72e+12,  9.78e+10,  1.12e+11,  -0.00, 166.45, 
 18681,     168.490000,   16.000,      0, En 1.921582771685e+12
 1.72e+08,  1.72e+12,  9.74e+10,  1.03e+11,  -0.00, 166.32, 
 19265,     173.790000,   16.500,      0, En 1.920880179214e+12
 1.42e+08,  1.72e+12,  9.63e+10,  1.06e+11,  -0.00, 166.37, 
 19849,     178.990000,   17.000,      0, En 1.922802832067e+12
 1.73e+08,  1.71e+12,  9.54e+10,  1.18e+11,  -0.00, 166.27, 
 20432,     184.230000,   17.500,      0, En 1.921604891791e+12
 1.94e+08,  1.72e+12,  9.47e+10,  1.09e+11,  -0.00, 166.26, 
 21016,     189.440000,   18.000,      0, En 1.919632134498e+12
 2.12e+08,  1.72e+12,  9.42e+10,  1.08e+11,  -0.00, 166.28, 
 21600,     194.670000,   18.500,      0, En 1.924197245879e+12
 2.65e+08,  1.71e+12,  9.31e+10,  1.18e+11,  -0.00, 166.22, 
 22184,     199.950000,   19.000,      0, En 1.926584846958e+12
 2.29e+08,  1.71e+12,  9.33e+10,  1.18e+11,  -0.00, 166.14, 
 22768,     205.230000,   19.500,      0, En 1.922458271944e+12
 1.72e+08,  1.72e+12,  9.35e+10,  1.09e+11,  -0.00, 166.21, 
 23351,     210.420000,   20.000,      0, En 1.922141232576e+12
 1.38e+08,  1.71e+12,  9.17e+10,  1.18e+11,   0.00, 166.08, 
 23935,     215.640000,   20.500,      0, En 1.929976055554e+12
 1.44e+08,  1.72e+12,  9.16e+10,  1.18e+11,   0.00, 166.18, 
 24519,     220.910000,   21.000,      0, En 1.929973212443e+12
 2.98e+08,  1.72e+12,  9.18e+10,  1.22e+11,   0.00, 166.07, 
 25103,     226.130000,   21.500,      0, En 1.921352402134e+12
 3.40e+08,  1.72e+12,  9.30e+10,  1.11e+11,   0.00, 165.90, 
 25686,     231.340000,   22.000,      0, En 1.929892488276e+12
 1.98e+08,  1.72e+12,  9.51e+10,  1.10e+11,  -0.00, 166.08, 
 26270,     236.540000,   22.500,      0, En 1.928500802191e+12
 1.61e+08,  1.72e+12,  9.42e+10,  1.14e+11,   0.00, 166.07, 
 26854,     241.760000,   23.000,      0, En 1.938110046485e+12
 1.81e+08,  1.73e+12,  9.48e+10,  1.16e+11,   0.00, 166.01, 
 27438,     247.020000,   23.500,      0, En 1.931880890777e+12
 2.30e+08,  1.72e+12,  9.52e+10,  1.16e+11,  -0.00, 166.00, 
 28022,     252.210000,   24.000,      0, En 1.933395693217e+12
 2.02e+08,  1.72e+12,  9.68e+10,  1.13e+11,  -0.00, 165.95, 
 28605,     257.480000,   24.500,      0, En 1.934403509537e+12
 1.30e+08,  1.72e+12,  9.74e+10,  1.12e+11,  -0.00, 166.01, 
 29189,     262.950000,   25.000,      0, En 1.938678700451e+12
 1.62e+08,  1.71e+12,  9.60e+10,  1.28e+11,   0.00, 165.83, 
 29773,     268.500000,   25.500,      0, En 1.936500105374e+12
 1.92e+08,  1.72e+12,  9.77e+10,  1.17e+11,   0.00, 166.02, 
 30357,     273.900000,   26.000,      0, En 1.936805322365e+12
 1.82e+08,  1.72e+12,  9.83e+10,  1.14e+11,   0.00, 166.02, 
 30941,     279.430000,   26.500,      0, En 1.922258709664e+12
 1.55e+08,  1.72e+12,  9.76e+10,  1.05e+11,   0.00, 165.99, 
 31524,     284.930000,   27.000,      0, En 1.940085797585e+12
 1.75e+08,  1.72e+12,  9.65e+10,  1.22e+11,   0.00, 166.00, 
 32108,     290.270000,   27.500,      0, En 1.943230602991e+12
 3.07e+08,  1.73e+12,  9.72e+10,  1.16e+11,   0.00, 166.14, 
 32692,     295.630000,   28.000,      0, En 1.936141501318e+12
 2.86e+08,  1.73e+12,  9.67e+10,  1.13e+11,   0.00, 165.92, 
 33276,     301.110000,   28.500,      0, En 1.925061632545e+12
 2.07e+08,  1.73e+12,  9.63e+10,  1.02e+11,   0.00, 165.90, 
 33859,     306.420000,   29.000,      0, En 1.937666743192e+12
 1.37e+08,  1.72e+12,  9.47e+10,  1.26e+11,   0.00, 165.80, 
 34443,     311.720000,   29.500,      0, En 1.934501035605e+12
 1.76e+08,  1.72e+12,  9.46e+10,  1.19e+11,   0.00, 165.87, 
 35027,     316.980000,   30.000,      0, En 1.939078316310e+12
 1.74e+08,  1.73e+12,  9.46e+10,  1.17e+11,   0.00, 165.95, 
 35611,     322.210000,   30.500,      0, En 1.938871463709e+12
 2.44e+08,  1.73e+12,  9.40e+10,  1.19e+11,   0.00, 165.85, 
 36195,     327.450000,   31.000,      0, En 1.941620621244e+12
 2.03e+08,  1.73e+12,  9.46e+10,  1.21e+11,   0.00, 165.85, 
 36778,     332.830000,   31.500,      0, En 1.942089550394e+12
 1.99e+08,  1.72e+12,  9.45e+10,  1.25e+11,   0.00, 165.82, 
 37362,     338.210000,   32.000,      0, En 1.940225815373e+12
 2.39e+08,  1.73e+12,  9.57e+10,  1.17e+11,   0.00, 165.93, 
 37946,     344.320000,   32.500,      0, En 1.939402235746e+12
 2.12e+08,  1.72e+12,  9.54e+10,  1.23e+11,  -0.00, 165.78, 
 38530,     349.880000,   33.000,      0, En 1.918338288685e+12
 2.06e+08,  1.71e+12,  9.39e+10,  1.19e+11,   0.00, 165.42, 
 39114,     355.230000,   33.500,      0, En 1.937869907097e+12
 1.60e+08,  1.72e+12,  9.30e+10,  1.22e+11,   0.00, 165.77, 
 39697,     360.560000,   34.000,      0, En 1.934293691218e+12
 1.46e+08,  1.72e+12,  9.35e+10,  1.26e+11,   0.00, 165.70, 
 40281,     365.820000,   34.500,      0, En 1.939377488872e+12
 2.41e+08,  1.72e+12,  9.40e+10,  1.23e+11,   0.00, 165.76, 
 40865,     371.060000,   35.000,      0, En 1.932501317585e+12
 2.46e+08,  1.73e+12,  9.62e+10,  1.07e+11,   0.00, 165.80, 
 41449,     376.380000,   35.500,      0, En 1.941696933076e+12
 1.67e+08,  1.72e+12,  9.59e+10,  1.23e+11,   0.00, 165.75, 
 42032,     381.620000,   36.000,      0, En 1.944216602581e+12
 1.70e+08,  1.72e+12,  9.75e+10,  1.29e+11,   0.00, 165.71, 
 42616,     386.840000,   36.500,      0, En 1.944745281500e+12
 1.25e+08,  1.73e+12,  9.88e+10,  1.21e+11,   0.00, 165.76, 
 43200,     392.060000,   37.000,      0, En 1.942127030327e+12
 1.25e+08,  1.72e+12,  9.71e+10,  1.25e+11,   0.00, 165.78, 
 43784,     397.370000,   37.500,      0, En 1.944791769460e+12
 2.59e+08,  1.72e+12,  9.71e+10,  1.26e+11,   0.00, 165.78, 
 44368,     402.590000,   38.000,      0, En 1.943063063519e+12
 4.14e+08,  1.72e+12,  9.74e+10,  1.27e+11,   0.00, 165.69, 
 44951,     407.880000,   38.500,      0, En 1.940831499611e+12
 2.37e+08,  1.71e+12,  9.77e+10,  1.29e+11,   0.00, 165.59, 
 45535,     413.500000,   39.000,      0, En 1.942681594064e+12
 1.27e+08,  1.73e+12,  9.78e+10,  1.16e+11,   0.00, 165.77, 
 46119,     418.910000,   39.500,      0, En 1.939746316578e+12
 1.20e+08,  1.72e+12,  9.57e+10,  1.22e+11,   0.00, 165.66, 
 46703,     424.300000,   40.000,      0, En 1.949732246883e+12
 1.55e+08,  1.72e+12,  9.55e+10,  1.34e+11,   0.00, 165.64, 
 47286,     430.160000,   40.500,      0, En 1.947225788769e+12
 1.66e+08,  1.73e+12,  9.69e+10,  1.23e+11,   0.00, 165.70, 
 47870,     435.580000,   41.000,      0, En 1.949230152787e+12
 1.85e+08,  1.72e+12,  9.67e+10,  1.29e+11,   0.00, 165.75, 
 48454,     440.910000,   41.500,      0, En 1.952720845339e+12
 2.19e+08,  1.73e+12,  9.73e+10,  1.28e+11,   0.00, 165.76, 
 49038,     446.500000,   42.000,      0, En 1.948038507716e+12
 2.12e+08,  1.72e+12,  9.60e+10,  1.29e+11,   0.00, 165.59, 
 49622,     451.760000,   42.500,      0, En 1.933517880253e+12
 2.78e+08,  1.72e+12,  9.58e+10,  1.20e+11,   0.00, 165.56, 
 50205,     456.990000,   43.000,      0, En 1.937153377391e+12
 2.77e+08,  1.73e+12,  9.77e+10,  1.13e+11,   0.00, 165.63, 
 50789,     462.250000,   43.500,      0, En 1.947589932096e+12
 1.41e+08,  1.72e+12,  9.82e+10,  1.25e+11,   0.00, 165.64, 
 51373,     467.450000,   44.000,      0, En 1.955680065979e+12
 1.24e+08,  1.72e+12,  9.77e+10,  1.35e+11,   0.00, 165.58, 
 51957,     472.680000,   44.500,      0, En 1.947202991688e+12
 1.49e+08,  1.73e+12,  9.89e+10,  1.21e+11,   0.00, 165.64, 
 52541,     477.890000,   45.000,      0, En 1.931091122556e+12
 1.73e+08,  1.71e+12,  9.73e+10,  1.20e+11,   0.00, 165.42, 
 53124,     483.130000,   45.500,      0, En 1.947392257974e+12
 1.64e+08,  1.72e+12,  9.72e+10,  1.30e+11,   0.00, 165.62, 
 53708,     488.350000,   46.000,      0, En 1.945216170498e+12
 1.70e+08,  1.73e+12,  9.70e+10,  1.23e+11,   0.00, 165.61, 
 54292,     493.590000,   46.500,      0, En 1.938393303951e+12
 2.47e+08,  1.72e+12,  9.61e+10,  1.23e+11,   0.00, 165.59, 
 54876,     498.990000,   47.000,      0, En 1.943970943605e+12
 2.29e+08,  1.73e+12,  9.79e+10,  1.18e+11,   0.00, 165.76, 
 55459,     504.460000,   47.500,      0, En 1.940251292779e+12
 1.30e+08,  1.72e+12,  9.44e+10,  1.28e+11,   0.00, 165.53, 
 56043,     509.680000,   48.000,      0, En 1.936047186239e+12
 1.38e+08,  1.73e+12,  9.46e+10,  1.16e+11,   0.00, 165.56, 
 56627,     514.990000,   48.500,      0, En 1.949514170163e+12
 1.65e+08,  1.73e+12,  9.41e+10,  1.30e+11,   0.00, 165.58, 
 57211,     520.580000,   49.000,      0, En 1.946977265625e+12
 4.19e+08,  1.73e+12,  9.42e+10,  1.26e+11,   0.00, 165.65, 
 57795,     526.110000,   49.500,      0, En 1.935150266846e+12
 4.15e+08,  1.72e+12,  9.45e+10,  1.21e+11,   0.00, 165.48, 
 58378,     531.630000,   50.000,      0, En 1.953149764839e+12
 1.45e+08,  1.73e+12,  9.63e+10,  1.29e+11,   0.00, 165.65, 
 58962,     536.850000,   50.500,      0, En 1.947047907292e+12
 1.03e+08,  1.72e+12,  9.38e+10,  1.32e+11,   0.00, 165.57, 
 59546,     542.150000,   51.000,      0, En 1.943880916707e+12
 1.11e+08,  1.73e+12,  9.38e+10,  1.22e+11,   0.00, 165.61, 
 60130,     547.390000,   51.500,      0, En 1.930673707170e+12
 1.93e+08,  1.72e+12,  9.11e+10,  1.16e+11,   0.00, 165.44, 
 60714,     552.620000,   52.000,      0, En 1.948931984875e+12
 3.83e+08,  1.72e+12,  9.28e+10,  1.36e+11,   0.00, 165.49, 
 61297,     558.000000,   52.500,      0, En 1.948463194703e+12
 3.22e+08,  1.72e+12,  9.52e+10,  1.28e+11,   0.00, 165.55, 
 61881,     563.210000,   53.000,      0, En 1.936376965680e+12
 2.43e+08,  1.72e+12,  9.45e+10,  1.26e+11,   0.00, 165.38, 
 62465,     568.420000,   53.500,      0, En 1.952810924220e+12
 1.87e+08,  1.73e+12,  9.62e+10,  1.29e+11,   0.00, 165.58, 
 63049,     573.670000,   54.000,      0, En 1.953972878180e+12
 1.94e+08,  1.73e+12,  9.71e+10,  1.27e+11,   0.00, 165.65, 
 63632,     578.870000,   54.500,      0, En 1.957864076183e+12
 1.77e+08,  1.73e+12,  9.74e+10,  1.31e+11,   0.00, 165.59, 
 64216,     584.470000,   55.000,      0, En 1.952318121270e+12
 1.57e+08,  1.72e+12,  9.78e+10,  1.33e+11,   0.00, 165.51, 
 64800,     589.960000,   55.500,      0, En 1.954514916899e+12
 1.75e+08,  1.73e+12,  9.89e+10,  1.21e+11,   0.00, 165.65, 
 65384,     595.480000,   56.000,      0, En 1.949654374340e+12
 1.77e+08,  1.72e+12,  9.82e+10,  1.28e+11,   0.00, 165.47, 
 65968,     601.150000,   56.500,      0, En 1.923223811694e+12
 1.99e+08,  1.73e+12,  9.63e+10,  9.94e+10,   0.00, 165.38, 
 66551,     606.620000,   57.000,      0, En 1.952089035144e+12
 1.92e+08,  1.72e+12,  9.74e+10,  1.35e+11,   0.00, 165.56, 
 67135,     612.050000,   57.500,      0, En 1.948751926940e+12
 1.60e+08,  1.73e+12,  9.87e+10,  1.22e+11,   0.00, 165.62, 
 67719,     617.430000,   58.000,      0, En 1.940901127673e+12
 2.30e+08,  1.71e+12,  9.62e+10,  1.32e+11,   0.00, 165.43, 
 68303,     623.050000,   58.500,      0, En 1.952825982623e+12
 2.97e+08,  1.73e+12,  9.60e+10,  1.30e+11,   0.00, 165.60, 
 68886,     628.460000,   59.000,      0, En 1.957834640767e+12
 2.50e+08,  1.73e+12,  9.71e+10,  1.30e+11,   0.00, 165.57, 
 69470,     633.870000,   59.500,      0, En 1.955374193931e+12
 1.71e+08,  1.72e+12,  9.55e+10,  1.37e+11,   0.00, 165.53, 
 70054,     639.300000,   60.000,      0, En 1.953824103398e+12
 1.66e+08,  1.73e+12,  9.61e+10,  1.27e+11,   0.00, 165.58, 
