Fields line 1: Step number, CPU time, Day, Truncations, Total Energy
Fields line 2: APE of each interface, KE of each layer, 0 APE depth of each interface
Startup CPU time:       0.050000 sec.
     0,       0.000000,    0.000,      0, En 1.700004619538e+12
 2.24e-18,  1.70e+12,  0.00e+00,  0.00e+00,  -0.00, 195.29, 
   584,       5.420000,    0.500,      0, En 1.559754676021e+12
 5.52e+07,  1.45e+12,  3.85e+10,  7.20e+10,  -0.00, 198.00, 
  1168,      10.900000,    1.000,      0, En 1.507591560430e+12
 1.12e+08,  1.37e+12,  4.19e+10,  9.96e+10,  -0.00, 199.23, 
  1751,      16.550000,    1.500,      0, En 1.474116616563e+12
 2.06e+08,  1.34e+12,  4.82e+10,  9.00e+10,  -0.00, 203.35, 
  2335,      22.270000,    2.000,      0, En 1.487210670762e+12
 6.23e+07,  1.35e+12,  5.22e+10,  8.14e+10,  -0.00, 205.08, 
  2919,      27.760000,    2.500,      0, En 1.487298811612e+12
 3.64e+07,  1.35e+12,  5.35e+10,  8.10e+10,   0.00, 205.12, 
  3503,      33.550000,    3.000,      0, En 1.491360663690e+12
 6.19e+07,  1.36e+12,  5.36e+10,  8.22e+10,   0.00, 204.90, 
  4086,      38.960000,    3.500,      0, En 1.495683613687e+12
 2.02e+07,  1.36e+12,  5.43e+10,  8.36e+10,  -0.00, 204.97, 
  4670,      44.590000,    4.000,      0, En 1.484348469854e+12
 1.13e+08,  1.35e+12,  5.36e+10,  7.79e+10,  -0.00, 204.57, 
  5254,      50.460000,    4.500,      0, En 1.492362219704e+12
 1.10e+08,  1.35e+12,  5.46e+10,  8.75e+10,  -0.00, 204.28, 
  5838,      56.550000,    5.000,      0, En 1.503185818748e+12
 3.10e+07,  1.37e+12,  5.54e+10,  7.96e+10,  -0.00, 204.36, 
  6422,      61.970000,    5.500,      0, En 1.502513672594e+12
 3.09e+07,  1.38e+12,  5.53e+10,  7.04e+10,   0.00, 203.98, 
  7005,      67.440000,    6.000,      0, En 1.508335790914e+12
 3.06e+07,  1.38e+12,  5.34e+10,  7.92e+10,  -0.00, 203.70, 
  7589,      72.890000,    6.500,      0, En 1.508145976688e+12
 3.11e+07,  1.37e+12,  5.12e+10,  8.62e+10,   0.00, 203.26, 
  8173,      78.370000,    7.000,      0, En 1.495805894868e+12
 5.49e+07,  1.37e+12,  4.96e+10,  7.22e+10,  -0.00, 202.90, 
  8757,      84.460000,    7.500,      0, En 1.510197707588e+12
 7.90e+07,  1.38e+12,  4.87e+10,  8.14e+10,  -0.00, 202.78, 
  9341,      89.730000,    8.000,      0, En 1.507329469560e+12
 4.18e+07,  1.38e+12,  4.78e+10,  8.14e+10,  -0.00, 202.43, 
  9924,      94.930000,    8.500,      0, En 1.503877247089e+12
 4.01e+07,  1.39e+12,  4.95e+10,  6.72e+10,  -0.00, 202.31, 
 10508,     100.260000,    9.000,      0, En 1.513501849864e+12
 3.22e+07,  1.39e+12,  4.95e+10,  7.87e+10,  -0.00, 202.18, 
 11092,     105.680000,    9.500,      0, En 1.510642423294e+12
 4.28e+07,  1.38e+12,  4.91e+10,  8.47e+10,   0.00, 201.77, 
 11676,     111.180000,   10.000,      0, En 1.519616606500e+12
 5.13e+07,  1.39e+12,  5.18e+10,  8.12e+10,   0.00, 201.84, 
 12259,     116.540000,   10.500,      0, En 1.520667846463e+12
 4.92e+07,  1.40e+12,  5.27e+10,  7.06e+10,   0.00, 201.76, 
 12843,     122.060000,   11.000,      0, En 1.529249260156e+12
 3.45e+07,  1.40e+12,  5.44e+10,  7.92e+10,   0.00, 201.68, 
 13427,     127.400000,   11.500,      0, En 1.517202982457e+12
 5.09e+07,  1.39e+12,  5.46e+10,  7.35e+10,  -0.00, 201.35, 
 14011,     132.760000,   12.000,      0, En 1.530732513027e+12
 3.59e+07,  1.39e+12,  5.52e+10,  8.13e+10,   0.00, 201.47, 
 14595,     138.180000,   12.500,      0, En 1.530020353092e+12
 4.06e+07,  1.40e+12,  5.51e+10,  7.62e+10,  -0.00, 201.34, 
 15178,     143.770000,   13.000,      0, En 1.533062906479e+12
 5.67e+07,  1.40e+12,  5.59e+10,  8.12e+10,   0.00, 201.29, 
 15762,     149.000000,   13.500,      0, En 1.531877757163e+12
 5.30e+07,  1.40e+12,  5.67e+10,  7.05e+10,   0.00, 201.28, 
 16346,     154.530000,   14.000,      0, En 1.536056057003e+12
 3.25e+07,  1.40e+12,  5.54e+10,  8.33e+10,   0.00, 201.09, 
 16930,     159.950000,   14.500,      0, En 1.533135384398e+12
 4.92e+07,  1.40e+12,  5.52e+10,  8.26e+10,   0.00, 200.95, 
 17514,     165.300000,   15.000,      0, En 1.537899067418e+12
 6.10e+07,  1.40e+12,  5.54e+10,  8.48e+10,   0.00, 200.99, 
 18097,     170.770000,   15.500,      0, En 1.539592697580e+12
 5.19e+07,  1.40e+12,  5.58e+10,  8.21e+10,   0.00, 201.00, 
 18681,     176.070000,   16.000,      0, En 1.537846150621e+12
 4.43e+07,  1.41e+12,  5.67e+10,  7.54e+10,   0.00, 200.97, 
 19265,     181.610000,   16.500,      0, En 1.539215560627e+12
 4.56e+07,  1.40e+12,  5.61e+10,  8.36e+10,   0.00, 200.92, 
 19849,     187.290000,   17.000,      0, En 1.534827039367e+12
 4.72e+07,  1.40e+12,  5.53e+10,  8.00e+10,   0.00, 200.78, 
 20432,     193.060000,   17.500,      0, En 1.537315359475e+12
 2.91e+07,  1.40e+12,  5.58e+10,  8.11e+10,   0.00, 200.83, 
 21016,     199.030000,   18.000,      0, En 1.536520145909e+12
 4.27e+07,  1.41e+12,  5.65e+10,  7.11e+10,   0.00, 200.85, 
 21600,     205.170000,   18.500,      0, En 1.539769217147e+12
 7.62e+07,  1.40e+12,  5.66e+10,  8.06e+10,   0.00, 200.75, 
 22184,     211.710000,   19.000,      0, En 1.543196078621e+12
 6.91e+07,  1.41e+12,  5.76e+10,  7.80e+10,   0.00, 200.80, 
 22768,     217.360000,   19.500,      0, En 1.540818460685e+12
 4.39e+07,  1.40e+12,  5.74e+10,  8.27e+10,   0.00, 200.73, 
 23351,     222.970000,   20.000,      0, En 1.527522040945e+12
 3.79e+07,  1.40e+12,  5.66e+10,  6.95e+10,   0.00, 200.48, 
 23935,     228.370000,   20.500,      0, En 1.541154870367e+12
 3.58e+07,  1.41e+12,  5.71e+10,  7.56e+10,   0.00, 200.71, 
 24519,     234.260000,   21.000,      0, En 1.534712187011e+12
 4.93e+07,  1.40e+12,  5.57e+10,  7.97e+10,   0.00, 200.35, 
 25103,     239.540000,   21.500,      0, En 1.545175661282e+12
 5.98e+07,  1.40e+12,  5.72e+10,  8.43e+10,   0.00, 200.60, 
 25686,     245.140000,   22.000,      0, En 1.543528759961e+12
 7.01e+07,  1.40e+12,  5.76e+10,  8.66e+10,   0.00, 200.45, 
 26270,     251.050000,   22.500,      0, En 1.545127999624e+12
 4.13e+07,  1.41e+12,  5.79e+10,  8.06e+10,   0.00, 200.57, 
 26854,     256.590000,   23.000,      0, En 1.536527866268e+12
 4.03e+07,  1.40e+12,  5.63e+10,  8.23e+10,   0.00, 200.38, 
 27438,     261.940000,   23.500,      0, En 1.540771795842e+12
 3.84e+07,  1.40e+12,  5.66e+10,  8.27e+10,   0.00, 200.45, 
 28022,     267.460000,   24.000,      0, En 1.540750473270e+12
 4.34e+07,  1.41e+12,  5.76e+10,  7.06e+10,   0.00, 200.57, 
 28605,     272.840000,   24.500,      0, En 1.544709330233e+12
 5.17e+07,  1.41e+12,  5.70e+10,  8.14e+10,   0.00, 200.48, 
 29189,     278.220000,   25.000,      0, En 1.546045288806e+12
 5.47e+07,  1.41e+12,  5.80e+10,  7.90e+10,   0.00, 200.52, 
 29773,     283.540000,   25.500,      0, En 1.534530523852e+12
 5.65e+07,  1.40e+12,  5.78e+10,  7.52e+10,   0.00, 200.26, 
 30357,     288.810000,   26.000,      0, En 1.545851505291e+12
 4.49e+07,  1.41e+12,  5.77e+10,  8.23e+10,   0.00, 200.43, 
 30941,     294.060000,   26.500,      0, En 1.541451148512e+12
 5.08e+07,  1.41e+12,  5.79e+10,  7.41e+10,   0.00, 200.44, 
 31524,     299.400000,   27.000,      0, En 1.547087717896e+12
 6.36e+07,  1.41e+12,  5.82e+10,  8.36e+10,   0.00, 200.42, 
 32108,     304.640000,   27.500,      0, En 1.547469603458e+12
 5.98e+07,  1.40e+12,  5.83e+10,  8.42e+10,   0.00, 200.41, 
 32692,     309.870000,   28.000,      0, En 1.544306378671e+12
 6.15e+07,  1.41e+12,  5.91e+10,  7.28e+10,   0.00, 200.40, 
 33276,     315.240000,   28.500,      0, En 1.549853625281e+12
 4.60e+07,  1.41e+12,  5.85e+10,  8.45e+10,   0.00, 200.38, 
 33859,     320.680000,   29.000,      0, En 1.550587462018e+12
 3.37e+07,  1.41e+12,  5.79e+10,  8.33e+10,   0.00, 200.38, 
 34443,     326.090000,   29.500,      0, En 1.549834395898e+12
 3.56e+07,  1.41e+12,  5.81e+10,  8.27e+10,   0.00, 200.42, 
 35027,     331.520000,   30.000,      0, En 1.546948238122e+12
 5.20e+07,  1.41e+12,  5.76e+10,  8.38e+10,   0.00, 200.33, 
 35611,     336.930000,   30.500,      0, En 1.545120872833e+12
 5.94e+07,  1.40e+12,  5.80e+10,  8.25e+10,   0.00, 200.30, 
 36195,     342.400000,   31.000,      0, En 1.542896927951e+12
 7.19e+07,  1.41e+12,  5.81e+10,  7.94e+10,   0.00, 200.25, 
 36778,     347.620000,   31.500,      0, En 1.550405736937e+12
 4.22e+07,  1.41e+12,  5.91e+10,  8.24e+10,   0.00, 200.45, 
 37362,     352.890000,   32.000,      0, En 1.543343966853e+12
 4.51e+07,  1.40e+12,  5.82e+10,  8.50e+10,   0.00, 200.23, 
 37946,     358.100000,   32.500,      0, En 1.546799041126e+12
 4.31e+07,  1.40e+12,  5.78e+10,  8.49e+10,   0.00, 200.22, 
 38530,     363.350000,   33.000,      0, En 1.549295095192e+12
 4.49e+07,  1.41e+12,  5.83e+10,  7.92e+10,   0.00, 200.38, 
 39114,     368.580000,   33.500,      0, En 1.545356668333e+12
 7.51e+07,  1.41e+12,  5.83e+10,  8.03e+10,   0.00, 200.26, 
 39697,     373.820000,   34.000,      0, En 1.534717835600e+12
 6.30e+07,  1.39e+12,  5.76e+10,  8.32e+10,   0.00, 199.92, 
 40281,     379.050000,   34.500,      0, En 1.548965632160e+12
 4.66e+07,  1.40e+12,  5.82e+10,  8.62e+10,   0.00, 200.22, 
 40865,     384.300000,   35.000,      0, En 1.551578676320e+12
 4.03e+07,  1.41e+12,  5.85e+10,  8.24e+10,   0.00, 200.41, 
 41449,     390.060000,   35.500,      0, En 1.548272261667e+12
 5.94e+07,  1.41e+12,  5.79e+10,  8.42e+10,   0.00, 200.26, 
 42032,     396.430000,   36.000,      0, En 1.539773900463e+12
 4.29e+07,  1.41e+12,  5.88e+10,  7.49e+10,   0.00, 200.21, 
 42616,     403.670000,   36.500,      0, En 1.544660414325e+12
 4.88e+07,  1.41e+12,  5.86e+10,  7.78e+10,   0.00, 200.24, 
 43200,     414.920000,   37.000,      0, En 1.551182265935e+12
 4.44e+07,  1.41e+12,  5.89e+10,  8.41e+10,   0.00, 200.35, 
 43784,     422.250000,   37.500,      0, En 1.540231058218e+12
 4.87e+07,  1.41e+12,  5.78e+10,  7.73e+10,   0.00, 200.06, 
 44368,     429.880000,   38.000,      0, En 1.549685194148e+12
 5.05e+07,  1.41e+12,  5.79e+10,  8.37e+10,   0.00, 200.24, 
 44951,     436.770000,   38.500,      0, En 1.545809191646e+12
 8.48e+07,  1.40e+12,  5.78e+10,  8.63e+10,   0.00, 200.03, 
 45535,     442.090000,   39.000,      0, En 1.548485534724e+12
 7.88e+07,  1.41e+12,  5.86e+10,  8.07e+10,   0.00, 200.26, 
 46119,     447.400000,   39.500,      0, En 1.545002404888e+12
 4.51e+07,  1.41e+12,  5.91e+10,  7.29e+10,   0.00, 200.24, 
 46703,     452.680000,   40.000,      0, En 1.550651665587e+12
 3.99e+07,  1.41e+12,  5.81e+10,  8.40e+10,   0.00, 200.33, 
 47286,     457.900000,   40.500,      0, En 1.538810559098e+12
 3.92e+07,  1.40e+12,  5.70e+10,  7.99e+10,   0.00, 200.08, 
 47870,     463.240000,   41.000,      0, En 1.547884839397e+12
 6.81e+07,  1.41e+12,  5.78e+10,  8.47e+10,   0.00, 200.22, 
 48454,     468.530000,   41.500,      0, En 1.547934199888e+12
 9.61e+07,  1.42e+12,  5.95e+10,  7.27e+10,   0.00, 200.33, 
 49038,     473.880000,   42.000,      0, En 1.544430627399e+12
 5.31e+07,  1.41e+12,  5.83e+10,  8.03e+10,   0.00, 200.12, 
 49622,     479.330000,   42.500,      0, En 1.552633193989e+12
 4.19e+07,  1.41e+12,  5.89e+10,  8.41e+10,   0.00, 200.26, 
 50205,     485.190000,   43.000,      0, En 1.544670664947e+12
 3.62e+07,  1.40e+12,  5.89e+10,  8.38e+10,   0.00, 200.09, 
 50789,     490.470000,   43.500,      0, En 1.552483432951e+12
 4.45e+07,  1.41e+12,  5.88e+10,  8.49e+10,   0.00, 200.20, 
 51373,     495.700000,   44.000,      0, En 1.542819375689e+12
 7.65e+07,  1.40e+12,  5.80e+10,  8.40e+10,   0.00, 199.99, 
 51957,     500.920000,   44.500,      0, En 1.551206681023e+12
 5.97e+07,  1.41e+12,  5.92e+10,  8.25e+10,   0.00, 200.24, 
 52541,     506.140000,   45.000,      0, En 1.550552545390e+12
 3.96e+07,  1.41e+12,  5.95e+10,  7.70e+10,   0.00, 200.30, 
 53124,     511.370000,   45.500,      0, En 1.545542186608e+12
 3.94e+07,  1.41e+12,  5.84e+10,  7.64e+10,   0.00, 200.15, 
 53708,     516.680000,   46.000,      0, En 1.536545463584e+12
 4.45e+07,  1.40e+12,  5.72e+10,  8.13e+10,   0.00, 199.87, 
 54292,     522.010000,   46.500,      0, En 1.536280640263e+12
 5.92e+07,  1.41e+12,  5.79e+10,  6.85e+10,   0.00, 200.20, 
 54876,     527.250000,   47.000,      0, En 1.544798528982e+12
 8.87e+07,  1.41e+12,  5.73e+10,  8.19e+10,   0.00, 200.17, 
 55459,     532.530000,   47.500,      0, En 1.553194377830e+12
 9.50e+07,  1.41e+12,  5.88e+10,  8.45e+10,   0.00, 200.26, 
 56043,     537.970000,   48.000,      0, En 1.552154294237e+12
 6.23e+07,  1.41e+12,  5.93e+10,  8.61e+10,   0.00, 200.07, 
 56627,     543.280000,   48.500,      0, En 1.553957008692e+12
 3.75e+07,  1.41e+12,  5.98e+10,  8.50e+10,   0.00, 200.24, 
 57211,     548.610000,   49.000,      0, En 1.544766133126e+12
 4.66e+07,  1.40e+12,  5.87e+10,  8.24e+10,   0.00, 200.08, 
 57795,     554.060000,   49.500,      0, En 1.541572481524e+12
 5.64e+07,  1.40e+12,  5.88e+10,  8.06e+10,   0.00, 199.88, 
 58378,     559.260000,   50.000,      0, En 1.546039096389e+12
 4.39e+07,  1.42e+12,  5.99e+10,  7.07e+10,   0.00, 200.26, 
 58962,     564.460000,   50.500,      0, En 1.551222396467e+12
 4.48e+07,  1.41e+12,  5.95e+10,  8.20e+10,   0.00, 200.26, 
 59546,     569.680000,   51.000,      0, En 1.546660211935e+12
 5.02e+07,  1.40e+12,  5.81e+10,  8.83e+10,   0.00, 200.00, 
 60130,     574.900000,   51.500,      0, En 1.549514663348e+12
 5.77e+07,  1.41e+12,  5.89e+10,  8.30e+10,   0.00, 200.22, 
 60714,     580.090000,   52.000,      0, En 1.544617911092e+12
 1.08e+08,  1.41e+12,  5.90e+10,  7.45e+10,   0.00, 200.15, 
 61297,     585.300000,   52.500,      0, En 1.550725873848e+12
 4.74e+07,  1.41e+12,  5.85e+10,  8.57e+10,   0.00, 200.15, 
 61881,     590.540000,   53.000,      0, En 1.552045264814e+12
 3.96e+07,  1.40e+12,  5.80e+10,  9.11e+10,   0.00, 200.05, 
 62465,     595.760000,   53.500,      0, En 1.551308825519e+12
 4.07e+07,  1.41e+12,  5.78e+10,  8.59e+10,   0.00, 200.15, 
 63049,     600.990000,   54.000,      0, En 1.546012044369e+12
 7.13e+07,  1.40e+12,  5.71e+10,  8.84e+10,   0.00, 199.92, 
 63632,     606.170000,   54.500,      0, En 1.544871564906e+12
 9.29e+07,  1.40e+12,  5.71e+10,  8.52e+10,   0.00, 199.94, 
 64216,     611.410000,   55.000,      0, En 1.541856074347e+12
 8.93e+07,  1.42e+12,  5.91e+10,  6.72e+10,   0.00, 200.14, 
 64800,     616.640000,   55.500,      0, En 1.551503568564e+12
 3.55e+07,  1.41e+12,  5.85e+10,  8.24e+10,   0.00, 200.21, 
 65384,     621.870000,   56.000,      0, En 1.544725266313e+12
 3.90e+07,  1.40e+12,  5.85e+10,  8.54e+10,   0.00, 199.96, 
 65968,     627.130000,   56.500,      0, En 1.549788828134e+12
 3.60e+07,  1.41e+12,  5.84e+10,  8.51e+10,   0.00, 200.14, 
 66551,     632.330000,   57.000,      0, En 1.546095243416e+12
 8.80e+07,  1.41e+12,  5.74e+10,  8.21e+10,   0.00, 199.96, 
 67135,     637.550000,   57.500,      0, En 1.551216936328e+12
 1.01e+08,  1.41e+12,  5.90e+10,  8.11e+10,   0.00, 200.18, 
 67719,     642.780000,   58.000,      0, En 1.536827243279e+12
 5.92e+07,  1.40e+12,  5.85e+10,  7.69e+10,   0.00, 199.91, 
 68303,     648.060000,   58.500,      0, En 1.548435638861e+12
 3.53e+07,  1.41e+12,  5.77e+10,  8.33e+10,   0.00, 200.10, 
 68886,     653.290000,   59.000,      0, En 1.553326756297e+12
 3.81e+07,  1.41e+12,  5.78e+10,  8.48e+10,   0.00, 200.23, 
 69470,     658.500000,   59.500,      0, En 1.549145153313e+12
 5.83e+07,  1.41e+12,  5.85e+10,  8.21e+10,   0.00, 200.20, 
 70054,     663.720000,   60.000,      0, En 1.549902303676e+12
 7.89e+07,  1.41e+12,  5.93e+10,  7.60e+10,   0.00, 200.16, 
