Fields line 1: Step number, CPU time, Day, Truncations, Total Energy
Fields line 2: APE of each interface, KE of each layer, 0 APE depth of each interface
Startup CPU time:       0.040000 sec.
     0,       0.000000,    0.000,      0, En 1.417110249361e+12
 2.21e-18,  1.42e+12,  0.00e+00,  0.00e+00,  -0.00, 222.83, 
   584,       5.240000,    0.500,      0, En 1.330663928529e+12
 4.57e+07,  1.24e+12,  1.90e+10,  7.55e+10,  -0.00, 224.32, 
  1168,      10.520000,    1.000,      0, En 1.285170175611e+12
 6.28e+07,  1.20e+12,  1.76e+10,  7.06e+10,  -0.00, 225.19, 
  1751,      15.810000,    1.500,      0, En 1.281558016569e+12
 1.30e+08,  1.21e+12,  2.31e+10,  5.19e+10,   0.00, 228.45, 
  2335,      21.160000,    2.000,      0, En 1.283119953253e+12
 1.64e+07,  1.19e+12,  2.77e+10,  6.32e+10,   0.00, 228.92, 
  2919,      26.390000,    2.500,      0, En 1.284307060484e+12
 3.42e+07,  1.20e+12,  3.00e+10,  5.90e+10,   0.00, 229.65, 
  3503,      31.630000,    3.000,      0, En 1.282706752607e+12
 4.72e+07,  1.19e+12,  2.90e+10,  6.15e+10,   0.00, 229.55, 
  4086,      37.010000,    3.500,      0, En 1.284243061631e+12
 1.04e+07,  1.20e+12,  2.87e+10,  5.50e+10,   0.00, 229.46, 
  4670,      42.250000,    4.000,      0, En 1.284725395127e+12
 3.90e+07,  1.20e+12,  2.83e+10,  5.63e+10,   0.00, 229.20, 
  5254,      47.650000,    4.500,      0, En 1.290512320913e+12
 3.40e+07,  1.20e+12,  2.86e+10,  6.01e+10,   0.00, 228.98, 
  5838,      52.890000,    5.000,      0, En 1.291619262044e+12
 1.00e+07,  1.21e+12,  3.00e+10,  5.57e+10,   0.00, 228.79, 
  6422,      58.130000,    5.500,      0, En 1.291211540695e+12
 2.00e+07,  1.20e+12,  2.98e+10,  5.76e+10,   0.00, 228.58, 
  7005,      63.340000,    6.000,      0, En 1.296620264670e+12
 1.97e+07,  1.21e+12,  3.00e+10,  5.68e+10,   0.00, 228.38, 
  7589,      68.580000,    6.500,      0, En 1.299507637908e+12
 1.07e+07,  1.21e+12,  3.01e+10,  5.79e+10,   0.00, 228.09, 
  8173,      73.810000,    7.000,      0, En 1.302217568672e+12
 2.48e+07,  1.21e+12,  3.04e+10,  5.79e+10,   0.00, 227.81, 
  8757,      79.070000,    7.500,      0, En 1.299370571548e+12
 2.40e+07,  1.21e+12,  3.08e+10,  5.56e+10,   0.00, 227.39, 
  9341,      84.300000,    8.000,      0, En 1.302958456025e+12
 1.27e+07,  1.22e+12,  2.92e+10,  5.68e+10,   0.00, 227.22, 
  9924,      89.510000,    8.500,      0, En 1.306201455170e+12
 1.23e+07,  1.22e+12,  2.99e+10,  5.71e+10,   0.00, 227.03, 
 10508,      94.750000,    9.000,      0, En 1.310464521415e+12
 1.15e+07,  1.22e+12,  3.04e+10,  5.84e+10,   0.00, 226.80, 
 11092,     100.010000,    9.500,      0, En 1.314737903864e+12
 1.44e+07,  1.22e+12,  3.11e+10,  5.95e+10,   0.00, 226.57, 
 11676,     105.310000,   10.000,      0, En 1.315537369887e+12
 2.58e+07,  1.23e+12,  3.16e+10,  5.65e+10,   0.00, 226.38, 
 12259,     110.530000,   10.500,      0, En 1.316370940286e+12
 2.49e+07,  1.23e+12,  3.23e+10,  5.57e+10,   0.00, 226.18, 
 12843,     115.760000,   11.000,      0, En 1.319506918693e+12
 1.30e+07,  1.23e+12,  3.30e+10,  5.64e+10,   0.00, 226.06, 
 13427,     120.980000,   11.500,      0, En 1.319397752988e+12
 1.29e+07,  1.23e+12,  3.34e+10,  5.58e+10,   0.00, 225.96, 
 14011,     126.180000,   12.000,      0, En 1.322122242834e+12
 1.27e+07,  1.23e+12,  3.37e+10,  5.62e+10,   0.00, 225.86, 
 14595,     131.400000,   12.500,      0, En 1.322814619972e+12
 1.90e+07,  1.23e+12,  3.41e+10,  5.77e+10,   0.00, 225.74, 
 15178,     136.690000,   13.000,      0, En 1.323861558719e+12
 1.96e+07,  1.23e+12,  3.45e+10,  5.57e+10,   0.00, 225.70, 
 15762,     141.870000,   13.500,      0, En 1.322653235348e+12
 1.78e+07,  1.23e+12,  3.44e+10,  5.64e+10,   0.00, 225.58, 
 16346,     147.120000,   14.000,      0, En 1.327059267705e+12
 1.37e+07,  1.23e+12,  3.48e+10,  5.73e+10,   0.00, 225.52, 
 16930,     152.740000,   14.500,      0, En 1.328458842672e+12
 1.47e+07,  1.24e+12,  3.48e+10,  5.60e+10,   0.00, 225.44, 
 17514,     158.120000,   15.000,      0, En 1.328272363113e+12
 2.09e+07,  1.24e+12,  3.52e+10,  5.53e+10,   0.00, 225.34, 
 18097,     163.340000,   15.500,      0, En 1.318792055640e+12
 1.77e+07,  1.23e+12,  3.44e+10,  5.17e+10,   0.00, 225.19, 
 18681,     168.610000,   16.000,      0, En 1.327879257191e+12
 2.02e+07,  1.24e+12,  3.40e+10,  5.65e+10,   0.00, 225.21, 
 19265,     173.950000,   16.500,      0, En 1.330193463455e+12
 1.86e+07,  1.24e+12,  3.47e+10,  5.47e+10,   0.00, 225.19, 
 19849,     179.490000,   17.000,      0, En 1.330767025800e+12
 1.75e+07,  1.24e+12,  3.46e+10,  5.64e+10,   0.00, 225.08, 
 20432,     189.960000,   17.500,      0, En 1.332940435729e+12
 1.65e+07,  1.24e+12,  3.52e+10,  5.73e+10,   0.00, 225.02, 
 21016,     197.040000,   18.000,      0, En 1.333771457880e+12
 1.76e+07,  1.24e+12,  3.56e+10,  5.72e+10,   0.00, 224.96, 
 21600,     202.470000,   18.500,      0, En 1.333324756106e+12
 1.87e+07,  1.24e+12,  3.59e+10,  5.48e+10,   0.00, 224.90, 
 22184,     207.820000,   19.000,      0, En 1.331049506987e+12
 2.26e+07,  1.24e+12,  3.61e+10,  5.19e+10,   0.00, 224.78, 
 22768,     213.310000,   19.500,      0, En 1.333455748965e+12
 1.88e+07,  1.24e+12,  3.55e+10,  5.56e+10,   0.00, 224.82, 
 23351,     218.600000,   20.000,      0, En 1.332970109527e+12
 1.88e+07,  1.24e+12,  3.59e+10,  5.55e+10,   0.00, 224.80, 
 23935,     223.970000,   20.500,      0, En 1.336027210355e+12
 1.76e+07,  1.24e+12,  3.63e+10,  5.67e+10,   0.00, 224.76, 
 24519,     229.460000,   21.000,      0, En 1.337088162926e+12
 2.24e+07,  1.24e+12,  3.68e+10,  5.75e+10,   0.00, 224.71, 
 25103,     234.870000,   21.500,      0, En 1.337384064498e+12
 2.09e+07,  1.24e+12,  3.70e+10,  5.70e+10,   0.00, 224.66, 
 25686,     240.270000,   22.000,      0, En 1.337170184399e+12
 2.04e+07,  1.24e+12,  3.70e+10,  5.60e+10,   0.00, 224.64, 
 26270,     245.500000,   22.500,      0, En 1.337164759942e+12
 2.00e+07,  1.24e+12,  3.72e+10,  5.72e+10,   0.00, 224.52, 
 26854,     250.740000,   23.000,      0, En 1.337621079102e+12
 2.11e+07,  1.25e+12,  3.74e+10,  5.43e+10,   0.00, 224.57, 
 27438,     256.110000,   23.500,      0, En 1.338980787874e+12
 2.17e+07,  1.24e+12,  3.75e+10,  5.72e+10,   0.00, 224.52, 
 28022,     261.520000,   24.000,      0, En 1.339815492061e+12
 2.07e+07,  1.25e+12,  3.75e+10,  5.69e+10,   0.00, 224.50, 
 28605,     267.400000,   24.500,      0, En 1.339683595901e+12
 2.00e+07,  1.25e+12,  3.77e+10,  5.45e+10,   0.00, 224.48, 
 29189,     273.000000,   25.000,      0, En 1.339037264812e+12
 2.29e+07,  1.25e+12,  3.81e+10,  5.50e+10,   0.00, 224.43, 
 29773,     278.250000,   25.500,      0, En 1.339813253599e+12
 2.14e+07,  1.25e+12,  3.81e+10,  5.50e+10,   0.00, 224.44, 
 30357,     283.750000,   26.000,      0, En 1.341098646489e+12
 1.99e+07,  1.25e+12,  3.81e+10,  5.70e+10,   0.00, 224.40, 
 30941,     289.470000,   26.500,      0, En 1.341083973297e+12
 1.90e+07,  1.25e+12,  3.81e+10,  5.65e+10,   0.00, 224.37, 
 31524,     295.070000,   27.000,      0, En 1.341276299601e+12
 1.85e+07,  1.25e+12,  3.83e+10,  5.29e+10,   0.00, 224.38, 
 32108,     300.990000,   27.500,      0, En 1.340525474160e+12
 2.04e+07,  1.25e+12,  3.84e+10,  5.55e+10,   0.00, 224.35, 
 32692,     306.290000,   28.000,      0, En 1.333175395794e+12
 1.66e+07,  1.24e+12,  3.76e+10,  5.39e+10,   0.00, 224.28, 
 33276,     311.750000,   28.500,      0, En 1.339779707389e+12
 1.87e+07,  1.25e+12,  3.80e+10,  5.57e+10,   0.00, 224.36, 
 33859,     317.290000,   29.000,      0, En 1.338767523865e+12
 2.55e+07,  1.25e+12,  3.84e+10,  5.40e+10,   0.00, 224.32, 
 34443,     322.560000,   29.500,      0, En 1.340818237493e+12
 2.51e+07,  1.25e+12,  3.86e+10,  5.52e+10,   0.00, 224.36, 
 35027,     328.040000,   30.000,      0, En 1.341287491179e+12
 2.64e+07,  1.25e+12,  3.86e+10,  5.65e+10,   0.00, 224.28, 
 35611,     333.390000,   30.500,      0, En 1.342624977512e+12
 1.94e+07,  1.25e+12,  3.81e+10,  5.86e+10,   0.00, 224.25, 
 36195,     338.840000,   31.000,      0, En 1.344700039970e+12
 1.82e+07,  1.25e+12,  3.86e+10,  5.46e+10,   0.00, 224.27, 
 36778,     344.170000,   31.500,      0, En 1.342461260320e+12
 1.97e+07,  1.25e+12,  3.81e+10,  5.51e+10,   0.00, 224.23, 
 37362,     349.600000,   32.000,      0, En 1.341899659916e+12
 2.62e+07,  1.25e+12,  3.85e+10,  5.50e+10,   0.00, 224.25, 
 37946,     354.820000,   32.500,      0, En 1.342089575413e+12
 2.64e+07,  1.25e+12,  3.87e+10,  5.66e+10,   0.00, 224.22, 
 38530,     360.020000,   33.000,      0, En 1.345675772917e+12
 2.20e+07,  1.25e+12,  3.96e+10,  5.73e+10,   0.00, 224.22, 
 39114,     365.240000,   33.500,      0, En 1.343308538654e+12
 1.76e+07,  1.25e+12,  3.95e+10,  5.57e+10,   0.00, 224.18, 
 39697,     370.430000,   34.000,      0, En 1.340162203298e+12
 1.95e+07,  1.25e+12,  3.83e+10,  5.54e+10,   0.00, 224.18, 
 40281,     375.660000,   34.500,      0, En 1.343138911148e+12
 2.00e+07,  1.25e+12,  3.88e+10,  5.53e+10,   0.00, 224.15, 
 40865,     380.870000,   35.000,      0, En 1.343072897202e+12
 2.18e+07,  1.25e+12,  3.91e+10,  5.73e+10,   0.00, 224.18, 
 41449,     386.100000,   35.500,      0, En 1.344863581400e+12
 2.34e+07,  1.25e+12,  3.95e+10,  5.52e+10,   0.00, 224.18, 
 42032,     391.330000,   36.000,      0, En 1.345975130296e+12
 2.23e+07,  1.25e+12,  3.96e+10,  5.79e+10,   0.00, 224.10, 
 42616,     396.540000,   36.500,      0, En 1.344722466669e+12
 1.84e+07,  1.25e+12,  3.97e+10,  5.61e+10,   0.00, 224.12, 
 43200,     401.960000,   37.000,      0, En 1.345890611216e+12
 1.76e+07,  1.25e+12,  3.93e+10,  5.60e+10,   0.00, 224.11, 
 43784,     407.470000,   37.500,      0, En 1.345081556710e+12
 2.15e+07,  1.25e+12,  3.92e+10,  5.65e+10,   0.00, 224.09, 
 44368,     412.910000,   38.000,      0, En 1.345561616195e+12
 2.94e+07,  1.25e+12,  3.98e+10,  5.58e+10,   0.00, 224.09, 
 44951,     418.240000,   38.500,      0, En 1.347442827893e+12
 2.24e+07,  1.25e+12,  4.03e+10,  5.77e+10,   0.00, 224.11, 
 45535,     423.630000,   39.000,      0, En 1.348399241552e+12
 2.33e+07,  1.25e+12,  4.09e+10,  5.77e+10,   0.00, 224.06, 
 46119,     428.880000,   39.500,      0, En 1.346261966930e+12
 1.93e+07,  1.25e+12,  4.07e+10,  5.56e+10,   0.00, 224.08, 
 46703,     434.330000,   40.000,      0, En 1.346291735243e+12
 1.98e+07,  1.25e+12,  4.06e+10,  5.56e+10,   0.00, 224.11, 
 47286,     439.620000,   40.500,      0, En 1.346950576007e+12
 2.11e+07,  1.25e+12,  4.01e+10,  5.76e+10,   0.00, 224.09, 
 47870,     444.970000,   41.000,      0, En 1.346499835334e+12
 2.14e+07,  1.25e+12,  4.01e+10,  5.70e+10,   0.00, 224.08, 
 48454,     450.350000,   41.500,      0, En 1.346907404090e+12
 2.26e+07,  1.25e+12,  4.03e+10,  5.57e+10,   0.00, 224.07, 
 49038,     460.780000,   42.000,      0, En 1.346465197010e+12
 2.04e+07,  1.25e+12,  4.04e+10,  5.79e+10,   0.00, 224.01, 
 49622,     467.730000,   42.500,      0, En 1.346157780211e+12
 2.13e+07,  1.25e+12,  4.06e+10,  5.75e+10,   0.00, 224.02, 
 50205,     472.950000,   43.000,      0, En 1.345551904556e+12
 2.03e+07,  1.25e+12,  4.08e+10,  5.54e+10,   0.00, 224.08, 
 50789,     478.220000,   43.500,      0, En 1.345561976352e+12
 1.96e+07,  1.25e+12,  4.06e+10,  5.55e+10,   0.00, 224.10, 
 51373,     483.510000,   44.000,      0, En 1.345885626624e+12
 2.09e+07,  1.25e+12,  4.04e+10,  5.74e+10,   0.00, 224.05, 
 51957,     488.830000,   44.500,      0, En 1.346525580489e+12
 2.15e+07,  1.25e+12,  4.02e+10,  5.71e+10,   0.00, 224.05, 
 52541,     494.080000,   45.000,      0, En 1.345465573575e+12
 2.19e+07,  1.25e+12,  4.01e+10,  5.38e+10,   0.00, 224.06, 
 53124,     499.430000,   45.500,      0, En 1.347298896604e+12
 2.21e+07,  1.25e+12,  4.02e+10,  5.65e+10,   0.00, 224.02, 
 53708,     504.780000,   46.000,      0, En 1.348640853460e+12
 2.27e+07,  1.25e+12,  4.07e+10,  5.79e+10,   0.00, 224.01, 
 54292,     510.120000,   46.500,      0, En 1.344735009052e+12
 2.27e+07,  1.25e+12,  4.06e+10,  5.63e+10,   0.00, 224.00, 
 54876,     515.430000,   47.000,      0, En 1.344801065242e+12
 2.71e+07,  1.25e+12,  4.03e+10,  5.76e+10,   0.00, 223.95, 
 55459,     520.780000,   47.500,      0, En 1.347737782498e+12
 2.27e+07,  1.25e+12,  4.05e+10,  5.73e+10,   0.00, 224.04, 
 56043,     526.090000,   48.000,      0, En 1.346583874549e+12
 2.25e+07,  1.25e+12,  4.07e+10,  5.59e+10,   0.00, 224.02, 
 56627,     531.540000,   48.500,      0, En 1.347790619928e+12
 2.01e+07,  1.25e+12,  4.07e+10,  5.60e+10,   0.00, 224.03, 
 57211,     536.890000,   49.000,      0, En 1.344424070273e+12
 2.18e+07,  1.25e+12,  4.06e+10,  5.42e+10,   0.00, 224.01, 
 57795,     542.130000,   49.500,      0, En 1.346307008154e+12
 2.04e+07,  1.25e+12,  4.06e+10,  5.72e+10,   0.00, 224.03, 
 58378,     547.330000,   50.000,      0, En 1.345379219086e+12
 2.24e+07,  1.25e+12,  4.03e+10,  5.54e+10,   0.00, 224.05, 
 58962,     552.640000,   50.500,      0, En 1.347246365764e+12
 2.03e+07,  1.25e+12,  4.02e+10,  5.70e+10,   0.00, 224.01, 
 59546,     557.870000,   51.000,      0, En 1.347023320580e+12
 1.94e+07,  1.25e+12,  4.02e+10,  5.61e+10,   0.00, 223.99, 
 60130,     563.150000,   51.500,      0, En 1.344391251832e+12
 2.11e+07,  1.25e+12,  4.02e+10,  5.07e+10,   0.00, 224.02, 
 60714,     568.470000,   52.000,      0, En 1.345530637294e+12
 2.90e+07,  1.25e+12,  3.99e+10,  5.44e+10,   0.00, 224.00, 
 61297,     573.790000,   52.500,      0, En 1.346764667177e+12
 2.75e+07,  1.25e+12,  4.01e+10,  5.70e+10,   0.00, 224.01, 
 61881,     579.080000,   53.000,      0, En 1.345849781741e+12
 2.20e+07,  1.25e+12,  4.01e+10,  5.67e+10,   0.00, 223.97, 
 62465,     584.370000,   53.500,      0, En 1.347984479583e+12
 2.04e+07,  1.25e+12,  4.06e+10,  5.64e+10,   0.00, 224.01, 
 63049,     589.600000,   54.000,      0, En 1.347295307753e+12
 2.06e+07,  1.25e+12,  4.04e+10,  5.68e+10,   0.00, 223.98, 
 63632,     594.820000,   54.500,      0, En 1.345988109352e+12
 2.01e+07,  1.25e+12,  4.04e+10,  5.51e+10,   0.00, 224.00, 
 64216,     600.030000,   55.000,      0, En 1.347919947241e+12
 2.27e+07,  1.25e+12,  4.00e+10,  5.70e+10,   0.00, 223.97, 
 64800,     605.710000,   55.500,      0, En 1.347544523056e+12
 2.47e+07,  1.25e+12,  4.02e+10,  5.78e+10,   0.00, 223.97, 
 65384,     616.470000,   56.000,      0, En 1.338384787849e+12
 2.54e+07,  1.25e+12,  3.93e+10,  5.20e+10,   0.00, 223.93, 
 65968,     621.690000,   56.500,      0, En 1.346064765960e+12
 2.00e+07,  1.25e+12,  3.90e+10,  5.67e+10,   0.00, 223.98, 
 66551,     627.000000,   57.000,      0, En 1.339428332866e+12
 2.22e+07,  1.25e+12,  3.92e+10,  5.20e+10,   0.00, 223.96, 
 67135,     632.210000,   57.500,      0, En 1.344684758459e+12
 2.02e+07,  1.25e+12,  3.90e+10,  5.72e+10,   0.00, 224.03, 
 67719,     637.400000,   58.000,      0, En 1.345964720240e+12
 2.40e+07,  1.25e+12,  3.94e+10,  5.60e+10,   0.00, 224.03, 
 68303,     642.620000,   58.500,      0, En 1.346012553743e+12
 2.34e+07,  1.25e+12,  3.96e+10,  5.44e+10,   0.00, 224.00, 
 68886,     647.850000,   59.000,      0, En 1.344162463222e+12
 2.75e+07,  1.25e+12,  3.97e+10,  5.36e+10,   0.00, 223.93, 
 69470,     653.070000,   59.500,      0, En 1.343798354542e+12
 2.10e+07,  1.25e+12,  3.92e+10,  5.59e+10,   0.00, 223.95, 
 70054,     658.320000,   60.000,      0, En 1.344439989909e+12
 2.18e+07,  1.25e+12,  3.91e+10,  5.69e+10,   0.00, 223.98, 
