Fields line 1: Step number, CPU time, Day, Truncations, Total Energy
Fields line 2: APE of each interface, KE of each layer, 0 APE depth of each interface
Startup CPU time:       0.030000 sec.
     0,       0.000000,    0.000,      0, En 1.972980651258e+12
 2.71e-17,  1.97e+12,  0.00e+00,  0.00e+00,  -0.00, 171.75, 
   584,       5.240000,    0.500,      0, En 1.814022604111e+12
 4.98e+07,  1.67e+12,  5.38e+10,  8.97e+10,  -0.00, 175.07, 
  1168,      10.510000,    1.000,      0, En 1.761244613587e+12
 3.11e+08,  1.58e+12,  6.54e+10,  1.15e+11,   0.00, 176.85, 
  1751,      15.730000,    1.500,      0, En 1.744374206122e+12
 4.22e+08,  1.56e+12,  7.44e+10,  1.07e+11,   0.00, 178.89, 
  2335,      20.940000,    2.000,      0, En 1.737565356472e+12
 1.64e+08,  1.56e+12,  8.05e+10,  1.01e+11,  -0.00, 180.45, 
  2919,      26.140000,    2.500,      0, En 1.741451525740e+12
 5.83e+07,  1.55e+12,  8.51e+10,  1.03e+11,   0.00, 181.07, 
  3503,      31.400000,    3.000,      0, En 1.729716599938e+12
 7.55e+07,  1.54e+12,  8.52e+10,  1.08e+11,   0.00, 181.68, 
  4086,      36.600000,    3.500,      0, En 1.733984039363e+12
 6.62e+07,  1.54e+12,  8.48e+10,  1.08e+11,   0.00, 182.38, 
  4670,      41.820000,    4.000,      0, En 1.727699044775e+12
 1.75e+08,  1.54e+12,  8.51e+10,  1.03e+11,   0.00, 182.47, 
  5254,      47.030000,    4.500,      0, En 1.730291175208e+12
 1.30e+08,  1.54e+12,  8.53e+10,  1.08e+11,   0.00, 182.47, 
  5838,      52.370000,    5.000,      0, En 1.723490303196e+12
 6.56e+07,  1.53e+12,  8.37e+10,  1.08e+11,   0.00, 182.43, 
  6422,      57.590000,    5.500,      0, En 1.721094718336e+12
 5.94e+07,  1.53e+12,  8.28e+10,  1.05e+11,   0.00, 182.40, 
  7005,      62.800000,    6.000,      0, En 1.715925194669e+12
 6.64e+07,  1.54e+12,  8.15e+10,  9.67e+10,   0.00, 182.44, 
  7589,      68.010000,    6.500,      0, En 1.726444710674e+12
 9.89e+07,  1.54e+12,  8.18e+10,  1.08e+11,   0.00, 182.33, 
  8173,      73.310000,    7.000,      0, En 1.729242766737e+12
 8.70e+07,  1.54e+12,  8.23e+10,  1.06e+11,   0.00, 182.16, 
  8757,      78.510000,    7.500,      0, En 1.731438713353e+12
 7.38e+07,  1.54e+12,  8.26e+10,  1.09e+11,   0.00, 181.98, 
  9341,      83.730000,    8.000,      0, En 1.733720542796e+12
 7.53e+07,  1.55e+12,  8.34e+10,  1.05e+11,   0.00, 181.92, 
  9924,      88.970000,    8.500,      0, En 1.731381162626e+12
 7.75e+07,  1.54e+12,  8.32e+10,  1.05e+11,   0.00, 181.81, 
 10508,      94.190000,    9.000,      0, En 1.732928801008e+12
 1.09e+08,  1.54e+12,  8.38e+10,  1.08e+11,   0.00, 181.65, 
 11092,      99.480000,    9.500,      0, En 1.736164536126e+12
 9.74e+07,  1.55e+12,  8.46e+10,  1.06e+11,   0.00, 181.64, 
 11676,     104.710000,   10.000,      0, En 1.734698372188e+12
 9.67e+07,  1.54e+12,  8.45e+10,  1.08e+11,   0.00, 181.57, 
 12259,     109.930000,   10.500,      0, En 1.734749751544e+12
 1.40e+08,  1.55e+12,  8.51e+10,  1.02e+11,   0.00, 181.51, 
 12843,     115.190000,   11.000,      0, En 1.721862021198e+12
 1.01e+08,  1.53e+12,  8.47e+10,  1.05e+11,   0.00, 181.21, 
 13427,     120.420000,   11.500,      0, En 1.727421970122e+12
 1.00e+08,  1.54e+12,  8.52e+10,  1.04e+11,   0.00, 181.41, 
 14011,     125.680000,   12.000,      0, En 1.737502637013e+12
 7.86e+07,  1.55e+12,  8.48e+10,  1.07e+11,   0.00, 181.52, 
 14595,     130.950000,   12.500,      0, En 1.736430791470e+12
 1.03e+08,  1.55e+12,  8.63e+10,  1.02e+11,   0.00, 181.49, 
 15178,     136.230000,   13.000,      0, En 1.738153085007e+12
 9.94e+07,  1.54e+12,  8.69e+10,  1.08e+11,   0.00, 181.47, 
 15762,     141.450000,   13.500,      0, En 1.728326051676e+12
 1.43e+08,  1.55e+12,  8.81e+10,  8.87e+10,   0.00, 181.54, 
 16346,     146.740000,   14.000,      0, En 1.737286777694e+12
 1.02e+08,  1.55e+12,  8.64e+10,  1.04e+11,   0.00, 181.43, 
 16930,     151.970000,   14.500,      0, En 1.736434359974e+12
 6.90e+07,  1.55e+12,  8.60e+10,  1.05e+11,   0.00, 181.44, 
 17514,     157.220000,   15.000,      0, En 1.736904059986e+12
 6.15e+07,  1.54e+12,  8.64e+10,  1.11e+11,   0.00, 181.42, 
 18097,     162.430000,   15.500,      0, En 1.734512030403e+12
 9.18e+07,  1.54e+12,  8.48e+10,  1.10e+11,   0.00, 181.46, 
 18681,     167.690000,   16.000,      0, En 1.713433987260e+12
 1.04e+08,  1.54e+12,  8.43e+10,  9.38e+10,   0.00, 181.22, 
 19265,     172.920000,   16.500,      0, En 1.732349294475e+12
 8.07e+07,  1.54e+12,  8.64e+10,  1.03e+11,   0.00, 181.48, 
 19849,     178.130000,   17.000,      0, En 1.731381845654e+12
 6.39e+07,  1.54e+12,  8.42e+10,  1.11e+11,   0.00, 181.27, 
 20432,     183.330000,   17.500,      0, En 1.732913643683e+12
 1.18e+08,  1.54e+12,  8.43e+10,  1.10e+11,   0.00, 181.31, 
 21016,     188.610000,   18.000,      0, En 1.738346149880e+12
 1.52e+08,  1.55e+12,  8.54e+10,  1.04e+11,   0.00, 181.59, 
 21600,     193.810000,   18.500,      0, En 1.735307265342e+12
 1.53e+08,  1.54e+12,  8.43e+10,  1.07e+11,   0.00, 181.37, 
 22184,     199.030000,   19.000,      0, En 1.739329561439e+12
 9.49e+07,  1.55e+12,  8.62e+10,  1.03e+11,   0.00, 181.50, 
 22768,     204.250000,   19.500,      0, En 1.730800137966e+12
 7.17e+07,  1.54e+12,  8.61e+10,  1.03e+11,   0.00, 181.42, 
 23351,     209.490000,   20.000,      0, En 1.736956543147e+12
 6.20e+07,  1.55e+12,  8.72e+10,  1.03e+11,   0.00, 181.56, 
 23935,     214.690000,   20.500,      0, En 1.733514890185e+12
 6.27e+07,  1.54e+12,  8.39e+10,  1.11e+11,   0.00, 181.26, 
 24519,     219.910000,   21.000,      0, En 1.743765142170e+12
 7.29e+07,  1.55e+12,  8.47e+10,  1.07e+11,   0.00, 181.48, 
 25103,     225.170000,   21.500,      0, En 1.739120094264e+12
 1.04e+08,  1.55e+12,  8.70e+10,  1.01e+11,   0.00, 181.53, 
 25686,     230.400000,   22.000,      0, En 1.737557033880e+12
 9.20e+07,  1.54e+12,  8.71e+10,  1.07e+11,   0.00, 181.44, 
 26270,     235.650000,   22.500,      0, En 1.742330375098e+12
 5.94e+07,  1.55e+12,  8.77e+10,  1.07e+11,   0.00, 181.54, 
 26854,     240.880000,   23.000,      0, En 1.739508654405e+12
 7.49e+07,  1.54e+12,  8.62e+10,  1.09e+11,   0.00, 181.43, 
 27438,     246.140000,   23.500,      0, En 1.746539268301e+12
 1.13e+08,  1.55e+12,  8.80e+10,  1.06e+11,   0.00, 181.47, 
 28022,     251.360000,   24.000,      0, En 1.730354623587e+12
 1.15e+08,  1.54e+12,  8.70e+10,  1.08e+11,   0.00, 181.11, 
 28605,     256.610000,   24.500,      0, En 1.737904090255e+12
 8.81e+07,  1.54e+12,  8.79e+10,  1.06e+11,   0.00, 181.40, 
 29189,     261.820000,   25.000,      0, En 1.744104096314e+12
 9.64e+07,  1.55e+12,  8.86e+10,  1.07e+11,   0.00, 181.54, 
 29773,     271.910000,   25.500,      0, En 1.741765702389e+12
 1.17e+08,  1.54e+12,  8.91e+10,  1.11e+11,   0.00, 181.48, 
 30357,     283.140000,   26.000,      0, En 1.740106033762e+12
 1.18e+08,  1.55e+12,  8.92e+10,  1.03e+11,   0.00, 181.50, 
 30941,     290.000000,   26.500,      0, En 1.739786657142e+12
 9.71e+07,  1.55e+12,  8.84e+10,  1.06e+11,   0.00, 181.52, 
 31524,     295.230000,   27.000,      0, En 1.743143859175e+12
 7.57e+07,  1.54e+12,  8.70e+10,  1.11e+11,   0.00, 181.39, 
 32108,     300.550000,   27.500,      0, En 1.737302429728e+12
 1.10e+08,  1.55e+12,  8.69e+10,  1.03e+11,   0.00, 181.51, 
 32692,     305.770000,   28.000,      0, En 1.739339369051e+12
 1.38e+08,  1.55e+12,  8.65e+10,  1.07e+11,   0.00, 181.52, 
 33276,     311.030000,   28.500,      0, En 1.738631564400e+12
 9.53e+07,  1.55e+12,  8.66e+10,  1.05e+11,   0.00, 181.41, 
 33859,     316.230000,   29.000,      0, En 1.732789702211e+12
 7.47e+07,  1.54e+12,  8.52e+10,  1.08e+11,   0.00, 181.27, 
 34443,     321.490000,   29.500,      0, En 1.732045751280e+12
 6.27e+07,  1.54e+12,  8.51e+10,  1.04e+11,   0.00, 181.35, 
 35027,     326.750000,   30.000,      0, En 1.741419361761e+12
 6.25e+07,  1.54e+12,  8.43e+10,  1.13e+11,   0.00, 181.29, 
 35611,     332.010000,   30.500,      0, En 1.740198734713e+12
 8.27e+07,  1.54e+12,  8.26e+10,  1.14e+11,   0.00, 181.29, 
 36195,     337.320000,   31.000,      0, En 1.736072864004e+12
 6.56e+07,  1.55e+12,  8.35e+10,  1.02e+11,   0.00, 181.35, 
 36778,     342.540000,   31.500,      0, En 1.736266413467e+12
 8.40e+07,  1.55e+12,  8.24e+10,  1.02e+11,   0.00, 181.34, 
 37362,     347.750000,   32.000,      0, En 1.722183596677e+12
 1.10e+08,  1.55e+12,  8.28e+10,  9.16e+10,   0.00, 181.24, 
 37946,     353.010000,   32.500,      0, En 1.733703389460e+12
 1.36e+08,  1.54e+12,  8.26e+10,  1.07e+11,   0.00, 181.19, 
 38530,     358.310000,   33.000,      0, En 1.731524709759e+12
 1.05e+08,  1.54e+12,  8.24e+10,  1.08e+11,   0.00, 181.04, 
 39114,     363.530000,   33.500,      0, En 1.734867428768e+12
 7.41e+07,  1.54e+12,  8.32e+10,  1.09e+11,   0.00, 181.20, 
 39697,     368.750000,   34.000,      0, En 1.740671488990e+12
 5.98e+07,  1.55e+12,  8.26e+10,  1.10e+11,   0.00, 181.26, 
 40281,     373.990000,   34.500,      0, En 1.739917678349e+12
 6.33e+07,  1.54e+12,  8.36e+10,  1.12e+11,   0.00, 181.22, 
 40865,     379.270000,   35.000,      0, En 1.735303056514e+12
 1.33e+08,  1.55e+12,  8.39e+10,  1.04e+11,   0.00, 181.22, 
 41449,     384.520000,   35.500,      0, En 1.734750323474e+12
 2.60e+08,  1.55e+12,  8.55e+10,  9.87e+10,   0.00, 181.29, 
 42032,     389.730000,   36.000,      0, En 1.729152879095e+12
 1.37e+08,  1.54e+12,  8.50e+10,  1.05e+11,   0.00, 181.08, 
 42616,     395.090000,   36.500,      0, En 1.739138569219e+12
 6.49e+07,  1.54e+12,  8.39e+10,  1.15e+11,   0.00, 181.04, 
 43200,     400.310000,   37.000,      0, En 1.742342198701e+12
 5.33e+07,  1.55e+12,  8.54e+10,  1.07e+11,   0.00, 181.22, 
 43784,     405.530000,   37.500,      0, En 1.738701084167e+12
 6.11e+07,  1.55e+12,  8.60e+10,  1.00e+11,   0.00, 181.33, 
 44368,     410.760000,   38.000,      0, En 1.743716345714e+12
 1.63e+08,  1.55e+12,  8.65e+10,  1.08e+11,   0.00, 181.22, 
 44951,     416.010000,   38.500,      0, En 1.737939848579e+12
 1.83e+08,  1.54e+12,  8.63e+10,  1.07e+11,   0.00, 181.08, 
 45535,     421.240000,   39.000,      0, En 1.741706511852e+12
 1.29e+08,  1.54e+12,  8.84e+10,  1.09e+11,   0.00, 181.16, 
 46119,     426.490000,   39.500,      0, En 1.739513509392e+12
 7.32e+07,  1.55e+12,  8.89e+10,  1.04e+11,   0.00, 181.11, 
 46703,     431.780000,   40.000,      0, En 1.741928335504e+12
 6.00e+07,  1.55e+12,  8.92e+10,  1.03e+11,   0.00, 181.27, 
 47286,     437.050000,   40.500,      0, En 1.748797496058e+12
 5.77e+07,  1.54e+12,  8.91e+10,  1.19e+11,   0.00, 181.12, 
 47870,     442.320000,   41.000,      0, En 1.728243460555e+12
 6.88e+07,  1.54e+12,  8.65e+10,  1.03e+11,   0.00, 181.09, 
 48454,     447.530000,   41.500,      0, En 1.740889013849e+12
 1.08e+08,  1.55e+12,  8.61e+10,  1.06e+11,   0.00, 181.16, 
 49038,     452.790000,   42.000,      0, En 1.744251694146e+12
 1.15e+08,  1.54e+12,  8.69e+10,  1.14e+11,   0.00, 181.22, 
 49622,     457.990000,   42.500,      0, En 1.749512087445e+12
 1.14e+08,  1.55e+12,  8.86e+10,  1.11e+11,   0.00, 181.23, 
 50205,     463.200000,   43.000,      0, En 1.739925756347e+12
 9.82e+07,  1.55e+12,  8.78e+10,  9.88e+10,   0.00, 181.28, 
 50789,     468.430000,   43.500,      0, En 1.745653727717e+12
 5.75e+07,  1.55e+12,  8.67e+10,  1.09e+11,   0.00, 181.19, 
 51373,     473.730000,   44.000,      0, En 1.743332608284e+12
 7.44e+07,  1.55e+12,  8.62e+10,  1.06e+11,   0.00, 181.25, 
 51957,     478.970000,   44.500,      0, En 1.736335887931e+12
 1.61e+08,  1.54e+12,  8.47e+10,  1.09e+11,   0.00, 181.07, 
 52541,     484.230000,   45.000,      0, En 1.738374437458e+12
 1.99e+08,  1.54e+12,  8.40e+10,  1.10e+11,   0.00, 181.04, 
 53124,     489.430000,   45.500,      0, En 1.748395375993e+12
 1.11e+08,  1.56e+12,  8.70e+10,  1.05e+11,   0.00, 181.24, 
 53708,     494.670000,   46.000,      0, En 1.741857444971e+12
 6.83e+07,  1.55e+12,  8.67e+10,  1.04e+11,   0.00, 181.14, 
 54292,     499.910000,   46.500,      0, En 1.745059035105e+12
 6.45e+07,  1.55e+12,  8.50e+10,  1.09e+11,   0.00, 181.10, 
 54876,     505.120000,   47.000,      0, En 1.747048470720e+12
 1.03e+08,  1.55e+12,  8.48e+10,  1.08e+11,   0.00, 181.15, 
 55459,     510.380000,   47.500,      0, En 1.734766758811e+12
 2.18e+08,  1.55e+12,  8.53e+10,  1.01e+11,   0.00, 181.04, 
 56043,     515.630000,   48.000,      0, En 1.740422974000e+12
 1.60e+08,  1.55e+12,  8.57e+10,  1.03e+11,   0.00, 181.06, 
 56627,     520.920000,   48.500,      0, En 1.737106452698e+12
 8.89e+07,  1.55e+12,  8.54e+10,  1.06e+11,   0.00, 180.93, 
 57211,     529.280000,   49.000,      0, En 1.738652173943e+12
 6.50e+07,  1.54e+12,  8.45e+10,  1.10e+11,   0.00, 180.96, 
 57795,     540.480000,   49.500,      0, En 1.746218857426e+12
 7.30e+07,  1.54e+12,  8.34e+10,  1.18e+11,  -0.00, 180.79, 
 58378,     546.820000,   50.000,      0, En 1.745254985256e+12
 1.04e+08,  1.55e+12,  8.59e+10,  1.05e+11,   0.00, 181.05, 
 58962,     552.180000,   50.500,      0, En 1.739107932181e+12
 1.63e+08,  1.54e+12,  8.52e+10,  1.09e+11,   0.00, 180.81, 
 59546,     557.420000,   51.000,      0, En 1.743221386388e+12
 9.75e+07,  1.55e+12,  8.71e+10,  1.08e+11,   0.00, 180.94, 
 60130,     562.640000,   51.500,      0, En 1.747865445409e+12
 5.51e+07,  1.55e+12,  8.77e+10,  1.07e+11,   0.00, 181.04, 
 60714,     567.850000,   52.000,      0, En 1.743209028394e+12
 6.75e+07,  1.55e+12,  8.70e+10,  1.07e+11,   0.00, 180.97, 
 61297,     573.110000,   52.500,      0, En 1.741242086003e+12
 1.32e+08,  1.54e+12,  8.69e+10,  1.10e+11,  -0.00, 180.83, 
 61881,     578.340000,   53.000,      0, En 1.744786754987e+12
 1.24e+08,  1.55e+12,  8.83e+10,  1.07e+11,   0.00, 181.00, 
 62465,     583.540000,   53.500,      0, En 1.738972850860e+12
 1.08e+08,  1.54e+12,  8.85e+10,  1.07e+11,  -0.00, 180.91, 
 63049,     588.790000,   54.000,      0, En 1.747369227405e+12
 8.31e+07,  1.55e+12,  8.96e+10,  1.08e+11,   0.00, 181.00, 
 63632,     594.070000,   54.500,      0, En 1.752580353184e+12
 7.17e+07,  1.55e+12,  9.09e+10,  1.08e+11,   0.00, 181.12, 
 64216,     599.320000,   55.000,      0, En 1.749475633728e+12
 8.45e+07,  1.55e+12,  9.06e+10,  1.09e+11,   0.00, 181.07, 
 64800,     604.530000,   55.500,      0, En 1.746430116312e+12
 1.21e+08,  1.54e+12,  8.86e+10,  1.17e+11,   0.00, 180.83, 
 65384,     609.780000,   56.000,      0, En 1.754096160378e+12
 1.19e+08,  1.56e+12,  8.92e+10,  1.06e+11,   0.00, 181.04, 
 65968,     615.050000,   56.500,      0, En 1.750330851244e+12
 7.53e+07,  1.55e+12,  8.96e+10,  1.07e+11,   0.00, 181.06, 
 66551,     620.370000,   57.000,      0, En 1.747415221062e+12
 7.47e+07,  1.55e+12,  8.74e+10,  1.14e+11,   0.00, 180.84, 
 67135,     625.620000,   57.500,      0, En 1.742925844858e+12
 9.64e+07,  1.55e+12,  8.73e+10,  1.05e+11,   0.00, 181.01, 
 67719,     630.900000,   58.000,      0, En 1.744159071887e+12
 1.29e+08,  1.55e+12,  8.68e+10,  1.09e+11,   0.00, 181.00, 
 68303,     636.120000,   58.500,      0, En 1.734190348946e+12
 9.71e+07,  1.56e+12,  8.70e+10,  8.97e+10,   0.00, 180.87, 
 68886,     641.330000,   59.000,      0, En 1.744257638012e+12
 6.70e+07,  1.55e+12,  8.64e+10,  1.03e+11,   0.00, 180.97, 
 69470,     646.560000,   59.500,      0, En 1.745556208275e+12
 8.04e+07,  1.54e+12,  8.43e+10,  1.17e+11,   0.00, 180.77, 
 70054,     651.810000,   60.000,      0, En 1.745388250093e+12
 9.66e+07,  1.56e+12,  8.62e+10,  1.03e+11,   0.00, 180.88, 
