Fields line 1: Step number, CPU time, Day, Truncations, Total Energy
Fields line 2: APE of each interface, KE of each layer, 0 APE depth of each interface
Startup CPU time:       0.110000 sec.
     0,       0.000000,    0.000,      0, En 7.320402034666e+11
 3.51e-17,  7.32e+11,  0.00e+00,  0.00e+00,   0.00, 155.19, 
   584,       5.140000,    0.500,      0, En 7.088375938551e+11
 9.56e+06,  6.60e+11,  1.79e+10,  3.10e+10,   0.00, 155.80, 
  1168,      10.290000,    1.000,      0, En 6.747726851550e+11
 5.52e+07,  6.06e+11,  3.11e+10,  3.76e+10,   0.00, 161.35, 
  1751,      15.690000,    1.500,      0, En 6.858140236596e+11
 8.57e+07,  6.14e+11,  3.50e+10,  3.69e+10,  -0.00, 159.07, 
  2335,      20.830000,    2.000,      0, En 6.956420258670e+11
 4.23e+07,  6.20e+11,  3.87e+10,  3.68e+10,   0.00, 157.46, 
  2919,      25.990000,    2.500,      0, En 7.012934370215e+11
 8.73e+06,  6.23e+11,  4.12e+10,  3.70e+10,   0.00, 156.78, 
  3503,      31.140000,    3.000,      0, En 7.045862443225e+11
 5.53e+06,  6.24e+11,  4.30e+10,  3.74e+10,   0.00, 156.54, 
  4086,      36.260000,    3.500,      0, En 7.067050027525e+11
 1.17e+07,  6.25e+11,  4.44e+10,  3.78e+10,   0.00, 156.46, 
  4670,      41.390000,    4.000,      0, En 7.080802110340e+11
 3.57e+07,  6.25e+11,  4.56e+10,  3.78e+10,   0.00, 156.42, 
  5254,      46.950000,    4.500,      0, En 7.089546379435e+11
 4.74e+07,  6.25e+11,  4.66e+10,  3.76e+10,   0.00, 156.41, 
  5838,      52.340000,    5.000,      0, En 7.095196620606e+11
 2.97e+07,  6.25e+11,  4.74e+10,  3.74e+10,   0.00, 156.40, 
  6422,      57.550000,    5.500,      0, En 7.098915725274e+11
 1.31e+07,  6.25e+11,  4.77e+10,  3.74e+10,   0.00, 156.40, 
  7005,      63.170000,    6.000,      0, En 7.101413246973e+11
 9.85e+06,  6.25e+11,  4.77e+10,  3.76e+10,   0.00, 156.40, 
  7589,      68.490000,    6.500,      0, En 7.103114267651e+11
 1.55e+07,  6.25e+11,  4.77e+10,  3.78e+10,   0.00, 156.40, 
  8173,      74.390000,    7.000,      0, En 7.104278706709e+11
 2.74e+07,  6.25e+11,  4.78e+10,  3.78e+10,   0.00, 156.40, 
  8757,      79.940000,    7.500,      0, En 7.105062039379e+11
 3.22e+07,  6.25e+11,  4.81e+10,  3.76e+10,   0.00, 156.40, 
  9341,      85.470000,    8.000,      0, En 7.105603652164e+11
 2.48e+07,  6.25e+11,  4.82e+10,  3.75e+10,   0.00, 156.40, 
  9924,      90.940000,    8.500,      0, En 7.105990215786e+11
 1.70e+07,  6.25e+11,  4.82e+10,  3.76e+10,   0.00, 156.40, 
 10508,      96.070000,    9.000,      0, En 7.106278621279e+11
 1.46e+07,  6.25e+11,  4.82e+10,  3.77e+10,   0.00, 156.40, 
 11092,     101.210000,    9.500,      0, En 7.106497069925e+11
 1.81e+07,  6.25e+11,  4.81e+10,  3.77e+10,   0.00, 156.40, 
 11676,     106.600000,   10.000,      0, En 7.106656258875e+11
 2.39e+07,  6.25e+11,  4.81e+10,  3.77e+10,   0.00, 156.40, 
 12259,     112.200000,   10.500,      0, En 7.106766894362e+11
 2.60e+07,  6.25e+11,  4.82e+10,  3.77e+10,   0.00, 156.40, 
 12843,     117.690000,   11.000,      0, En 7.106844888978e+11
 2.30e+07,  6.25e+11,  4.83e+10,  3.76e+10,   0.00, 156.40, 
 13427,     122.910000,   11.500,      0, En 7.106906375601e+11
 1.88e+07,  6.25e+11,  4.82e+10,  3.76e+10,   0.00, 156.40, 
 14011,     128.240000,   12.000,      0, En 7.106961640006e+11
 1.75e+07,  6.25e+11,  4.82e+10,  3.77e+10,   0.00, 156.40, 
 14595,     133.480000,   12.500,      0, En 7.107010887085e+11
 1.94e+07,  6.25e+11,  4.82e+10,  3.77e+10,   0.00, 156.40, 
 15178,     138.850000,   13.000,      0, En 7.107050533166e+11
 2.21e+07,  6.25e+11,  4.82e+10,  3.77e+10,   0.00, 156.40, 
 15762,     144.270000,   13.500,      0, En 7.107080069417e+11
 2.33e+07,  6.25e+11,  4.82e+10,  3.77e+10,   0.00, 156.40, 
 16346,     150.420000,   14.000,      0, En 7.107102392218e+11
 2.18e+07,  6.25e+11,  4.82e+10,  3.77e+10,   0.00, 156.40, 
 16930,     156.040000,   14.500,      0, En 7.107122902347e+11
 1.98e+07,  6.25e+11,  4.82e+10,  3.77e+10,   0.00, 156.40, 
 17514,     161.650000,   15.000,      0, En 7.107144454205e+11
 1.91e+07,  6.25e+11,  4.82e+10,  3.77e+10,   0.00, 156.40, 
 18097,     167.010000,   15.500,      0, En 7.107165663080e+11
 2.00e+07,  6.25e+11,  4.82e+10,  3.77e+10,   0.00, 156.40, 
 18681,     172.130000,   16.000,      0, En 7.107184439788e+11
 2.15e+07,  6.25e+11,  4.82e+10,  3.77e+10,   0.00, 156.40, 
 19265,     177.430000,   16.500,      0, En 7.107199196683e+11
 2.20e+07,  6.25e+11,  4.82e+10,  3.77e+10,   0.00, 156.40, 
 19849,     183.390000,   17.000,      0, En 7.107211184453e+11
 2.13e+07,  6.25e+11,  4.82e+10,  3.77e+10,   0.00, 156.40, 
 20432,     189.010000,   17.500,      0, En 7.107222788095e+11
 2.03e+07,  6.25e+11,  4.82e+10,  3.77e+10,   0.00, 156.40, 
 21016,     194.500000,   18.000,      0, En 7.107234974276e+11
 1.99e+07,  6.25e+11,  4.82e+10,  3.77e+10,   0.00, 156.40, 
 21600,     199.840000,   18.500,      0, En 7.107247292433e+11
 2.04e+07,  6.25e+11,  4.82e+10,  3.77e+10,   0.00, 156.40, 
 22184,     205.040000,   19.000,      0, En 7.107258269452e+11
 2.11e+07,  6.25e+11,  4.82e+10,  3.77e+10,   0.00, 156.40, 
 22768,     210.300000,   19.500,      0, En 7.107267176257e+11
 2.14e+07,  6.25e+11,  4.82e+10,  3.77e+10,   0.00, 156.40, 
 23351,     215.730000,   20.000,      0, En 7.107274653141e+11
 2.10e+07,  6.25e+11,  4.82e+10,  3.77e+10,   0.00, 156.40, 
 23935,     220.900000,   20.500,      0, En 7.107281682328e+11
 2.05e+07,  6.25e+11,  4.82e+10,  3.77e+10,   0.00, 156.40, 
 24519,     226.030000,   21.000,      0, En 7.107288911509e+11
 2.04e+07,  6.25e+11,  4.82e+10,  3.77e+10,   0.00, 156.40, 
 25103,     231.240000,   21.500,      0, En 7.107296022963e+11
 2.06e+07,  6.25e+11,  4.82e+10,  3.77e+10,   0.00, 156.40, 
 25686,     236.410000,   22.000,      0, En 7.107302282595e+11
 2.09e+07,  6.25e+11,  4.82e+10,  3.77e+10,   0.00, 156.40, 
