Fields line 1: Step number, CPU time, Day, Truncations, Total Energy
Fields line 2: APE of each interface, KE of each layer, 0 APE depth of each interface
Startup CPU time:       0.040000 sec.
     0,       0.000000,    0.000,      0, En 1.932504831646e+12
 1.21e-15,  1.93e+12,  0.00e+00,  0.00e+00,  -0.00, 175.08, 
   584,       5.240000,    0.500,      0, En 1.780107861748e+12
 4.32e+07,  1.64e+12,  5.16e+10,  9.23e+10,  -0.00, 178.32, 
  1168,      10.450000,    1.000,      0, En 1.729653094085e+12
 3.28e+08,  1.56e+12,  6.30e+10,  1.10e+11,  -0.00, 179.99, 
  1751,      15.710000,    1.500,      0, En 1.710013539698e+12
 4.50e+08,  1.53e+12,  7.23e+10,  1.05e+11,  -0.00, 182.27, 
  2335,      20.980000,    2.000,      0, En 1.694391097153e+12
 1.39e+08,  1.52e+12,  7.87e+10,  9.89e+10,   0.00, 183.71, 
  2919,      26.280000,    2.500,      0, En 1.692259857971e+12
 5.65e+07,  1.51e+12,  8.14e+10,  9.69e+10,  -0.00, 184.30, 
  3503,      31.680000,    3.000,      0, En 1.684493145522e+12
 6.26e+07,  1.51e+12,  8.00e+10,  9.59e+10,   0.00, 185.07, 
  4086,      37.090000,    3.500,      0, En 1.687041971680e+12
 6.02e+07,  1.50e+12,  7.97e+10,  1.08e+11,   0.00, 185.66, 
  4670,      42.430000,    4.000,      0, En 1.692128614299e+12
 1.09e+08,  1.51e+12,  7.98e+10,  1.01e+11,   0.00, 185.91, 
  5254,      48.100000,    4.500,      0, En 1.689561276646e+12
 1.16e+08,  1.51e+12,  7.94e+10,  9.73e+10,   0.00, 185.80, 
  5838,      53.410000,    5.000,      0, En 1.695930080212e+12
 6.47e+07,  1.51e+12,  7.91e+10,  1.09e+11,   0.00, 185.43, 
  6422,      58.730000,    5.500,      0, En 1.699399194188e+12
 5.27e+07,  1.52e+12,  7.86e+10,  1.05e+11,   0.00, 185.23, 
  7005,      64.080000,    6.000,      0, En 1.690071964833e+12
 7.11e+07,  1.52e+12,  7.84e+10,  9.10e+10,   0.00, 185.02, 
  7589,      69.350000,    6.500,      0, En 1.699246534974e+12
 6.87e+07,  1.52e+12,  7.68e+10,  1.05e+11,   0.00, 184.94, 
  8173,      74.600000,    7.000,      0, En 1.692468671861e+12
 7.14e+07,  1.52e+12,  7.63e+10,  1.01e+11,   0.00, 184.68, 
  8757,      79.940000,    7.500,      0, En 1.685466228730e+12
 8.36e+07,  1.52e+12,  7.51e+10,  9.04e+10,   0.00, 184.58, 
  9341,      85.210000,    8.000,      0, En 1.694421095194e+12
 1.07e+08,  1.52e+12,  7.44e+10,  1.00e+11,   0.00, 184.48, 
  9924,      90.410000,    8.500,      0, En 1.701054896007e+12
 9.96e+07,  1.52e+12,  7.55e+10,  1.06e+11,   0.00, 184.46, 
 10508,      95.640000,    9.000,      0, En 1.701468987281e+12
 8.20e+07,  1.52e+12,  7.66e+10,  1.02e+11,  -0.00, 184.45, 
 11092,     100.870000,    9.500,      0, En 1.685251457383e+12
 6.63e+07,  1.51e+12,  7.47e+10,  9.55e+10,  -0.00, 184.15, 
 11676,     106.150000,   10.000,      0, En 1.698321020140e+12
 1.15e+08,  1.52e+12,  7.58e+10,  9.92e+10,   0.00, 184.27, 
 12259,     111.450000,   10.500,      0, En 1.700715794560e+12
 1.17e+08,  1.52e+12,  7.64e+10,  1.00e+11,   0.00, 184.32, 
 12843,     116.680000,   11.000,      0, En 1.682425368630e+12
 1.09e+08,  1.52e+12,  7.60e+10,  8.82e+10,  -0.00, 184.11, 
 13427,     121.900000,   11.500,      0, En 1.689418670513e+12
 9.47e+07,  1.52e+12,  7.63e+10,  9.03e+10,  -0.00, 184.34, 
 14011,     127.110000,   12.000,      0, En 1.693760091143e+12
 6.98e+07,  1.52e+12,  7.61e+10,  1.01e+11,  -0.00, 184.29, 
 14595,     132.340000,   12.500,      0, En 1.689893148616e+12
 8.23e+07,  1.50e+12,  7.39e+10,  1.16e+11,  -0.00, 183.90, 
 15178,     137.550000,   13.000,      0, En 1.696930323622e+12
 1.25e+08,  1.52e+12,  7.60e+10,  9.90e+10,  -0.00, 184.38, 
 15762,     142.780000,   13.500,      0, En 1.692616277959e+12
 1.21e+08,  1.51e+12,  7.58e+10,  1.03e+11,  -0.00, 184.35, 
 16346,     147.990000,   14.000,      0, En 1.691308409256e+12
 1.06e+08,  1.51e+12,  7.43e+10,  1.04e+11,  -0.00, 184.19, 
 16930,     153.230000,   14.500,      0, En 1.697357990201e+12
 1.01e+08,  1.52e+12,  7.52e+10,  9.98e+10,  -0.00, 184.44, 
 17514,     158.450000,   15.000,      0, En 1.690628047325e+12
 9.05e+07,  1.52e+12,  7.56e+10,  9.55e+10,  -0.00, 184.33, 
 18097,     163.650000,   15.500,      0, En 1.699534975908e+12
 8.48e+07,  1.52e+12,  7.60e+10,  1.02e+11,  -0.00, 184.42, 
 18681,     168.890000,   16.000,      0, En 1.702359923488e+12
 1.02e+08,  1.52e+12,  7.65e+10,  1.09e+11,  -0.00, 184.39, 
 19265,     174.120000,   16.500,      0, En 1.697849178350e+12
 1.20e+08,  1.52e+12,  7.61e+10,  9.96e+10,  -0.00, 184.37, 
 19849,     179.330000,   17.000,      0, En 1.688695585476e+12
 1.08e+08,  1.53e+12,  7.70e+10,  8.41e+10,  -0.00, 184.43, 
 20432,     184.560000,   17.500,      0, En 1.681588240849e+12
 7.48e+07,  1.52e+12,  7.56e+10,  8.91e+10,  -0.00, 184.19, 
 21016,     189.780000,   18.000,      0, En 1.697337399685e+12
 5.62e+07,  1.52e+12,  7.65e+10,  9.89e+10,  -0.00, 184.42, 
 21600,     195.000000,   18.500,      0, En 1.682567111073e+12
 6.48e+07,  1.52e+12,  7.38e+10,  9.25e+10,  -0.00, 184.25, 
 22184,     200.210000,   19.000,      0, En 1.705050016889e+12
 8.36e+07,  1.52e+12,  7.54e+10,  1.09e+11,  -0.00, 184.40, 
 22768,     205.430000,   19.500,      0, En 1.700375573515e+12
 8.30e+07,  1.52e+12,  7.65e+10,  9.95e+10,  -0.00, 184.37, 
 23351,     210.670000,   20.000,      0, En 1.697733062032e+12
 5.87e+07,  1.52e+12,  7.66e+10,  9.99e+10,  -0.00, 184.29, 
 23935,     215.870000,   20.500,      0, En 1.705914925902e+12
 6.17e+07,  1.52e+12,  7.57e+10,  1.12e+11,  -0.00, 184.21, 
 24519,     221.100000,   21.000,      0, En 1.702093724524e+12
 7.95e+07,  1.53e+12,  7.76e+10,  9.71e+10,  -0.00, 184.40, 
 25103,     226.330000,   21.500,      0, En 1.698818832713e+12
 7.21e+07,  1.52e+12,  7.67e+10,  1.07e+11,  -0.00, 184.29, 
 25686,     231.580000,   22.000,      0, En 1.703684781097e+12
 8.46e+07,  1.52e+12,  7.68e+10,  1.05e+11,  -0.00, 184.36, 
 26270,     236.800000,   22.500,      0, En 1.704239367769e+12
 7.99e+07,  1.53e+12,  7.75e+10,  1.00e+11,  -0.00, 184.37, 
 26854,     242.020000,   23.000,      0, En 1.703381049262e+12
 7.72e+07,  1.52e+12,  7.75e+10,  1.04e+11,  -0.00, 184.27, 
 27438,     247.240000,   23.500,      0, En 1.706146729628e+12
 5.48e+07,  1.52e+12,  7.74e+10,  1.07e+11,  -0.00, 184.20, 
 28022,     252.500000,   24.000,      0, En 1.709628216668e+12
 5.65e+07,  1.53e+12,  7.75e+10,  1.03e+11,  -0.00, 184.33, 
 28605,     257.690000,   24.500,      0, En 1.706272374305e+12
 9.41e+07,  1.52e+12,  7.67e+10,  1.06e+11,  -0.00, 184.20, 
 29189,     262.920000,   25.000,      0, En 1.702515579787e+12
 9.14e+07,  1.52e+12,  7.58e+10,  1.07e+11,  -0.00, 184.07, 
 29773,     268.170000,   25.500,      0, En 1.705892775193e+12
 8.05e+07,  1.53e+12,  7.71e+10,  1.04e+11,  -0.00, 184.18, 
 30357,     273.380000,   26.000,      0, En 1.701891303437e+12
 6.73e+07,  1.52e+12,  7.70e+10,  1.03e+11,  -0.00, 184.07, 
 30941,     278.640000,   26.500,      0, En 1.705486568542e+12
 5.77e+07,  1.53e+12,  7.65e+10,  1.03e+11,  -0.00, 184.14, 
 31524,     283.860000,   27.000,      0, En 1.698507517428e+12
 8.84e+07,  1.51e+12,  7.65e+10,  1.13e+11,  -0.00, 183.89, 
 32108,     289.070000,   27.500,      0, En 1.704758077974e+12
 8.56e+07,  1.53e+12,  7.67e+10,  9.97e+10,  -0.00, 184.00, 
 32692,     294.290000,   28.000,      0, En 1.709426668685e+12
 7.03e+07,  1.52e+12,  7.77e+10,  1.08e+11,  -0.00, 184.05, 
 33276,     299.500000,   28.500,      0, En 1.695172828584e+12
 1.04e+08,  1.53e+12,  7.68e+10,  9.07e+10,  -0.00, 183.90, 
 33859,     304.810000,   29.000,      0, En 1.693205706143e+12
 8.46e+07,  1.52e+12,  7.45e+10,  9.90e+10,  -0.00, 183.79, 
 34443,     310.010000,   29.500,      0, En 1.701305410717e+12
 6.16e+07,  1.52e+12,  7.55e+10,  1.03e+11,  -0.00, 183.90, 
 35027,     315.230000,   30.000,      0, En 1.708053350438e+12
 8.32e+07,  1.52e+12,  7.56e+10,  1.08e+11,  -0.00, 183.99, 
 35611,     320.450000,   30.500,      0, En 1.712506886081e+12
 1.03e+08,  1.53e+12,  7.72e+10,  1.07e+11,  -0.00, 183.94, 
 36195,     325.690000,   31.000,      0, En 1.697138416499e+12
 1.29e+08,  1.52e+12,  7.74e+10,  9.75e+10,  -0.00, 183.76, 
 36778,     330.900000,   31.500,      0, En 1.700805655687e+12
 1.02e+08,  1.54e+12,  7.83e+10,  8.69e+10,  -0.00, 183.92, 
 37362,     336.190000,   32.000,      0, En 1.709915197037e+12
 9.72e+07,  1.53e+12,  7.68e+10,  1.02e+11,  -0.00, 183.80, 
 37946,     341.430000,   32.500,      0, En 1.708166157385e+12
 7.80e+07,  1.52e+12,  7.58e+10,  1.15e+11,  -0.00, 183.48, 
 38530,     346.640000,   33.000,      0, En 1.711275102092e+12
 7.84e+07,  1.53e+12,  7.80e+10,  1.01e+11,  -0.00, 183.76, 
 39114,     351.860000,   33.500,      0, En 1.703033306403e+12
 8.50e+07,  1.53e+12,  7.55e+10,  1.02e+11,  -0.00, 183.67, 
 39697,     357.050000,   34.000,      0, En 1.710669549786e+12
 8.20e+07,  1.52e+12,  7.72e+10,  1.11e+11,  -0.00, 183.66, 
 40281,     362.290000,   34.500,      0, En 1.712197408284e+12
 8.29e+07,  1.53e+12,  7.61e+10,  1.08e+11,  -0.00, 183.63, 
 40865,     367.500000,   35.000,      0, En 1.707809319792e+12
 1.05e+08,  1.53e+12,  7.72e+10,  9.96e+10,  -0.00, 183.75, 
 41449,     372.720000,   35.500,      0, En 1.715060245123e+12
 1.03e+08,  1.53e+12,  7.76e+10,  1.09e+11,  -0.00, 183.68, 
 42032,     377.940000,   36.000,      0, En 1.711804889571e+12
 1.00e+08,  1.53e+12,  7.75e+10,  1.06e+11,  -0.00, 183.64, 
 42616,     383.170000,   36.500,      0, En 1.709583093925e+12
 9.09e+07,  1.53e+12,  7.83e+10,  1.02e+11,  -0.00, 183.67, 
 43200,     388.470000,   37.000,      0, En 1.709182879471e+12
 7.20e+07,  1.53e+12,  7.84e+10,  9.67e+10,  -0.00, 183.66, 
 43784,     393.790000,   37.500,      0, En 1.711676019283e+12
 8.00e+07,  1.53e+12,  7.77e+10,  1.03e+11,  -0.00, 183.69, 
 44368,     399.010000,   38.000,      0, En 1.706985122219e+12
 9.75e+07,  1.52e+12,  7.80e+10,  1.11e+11,  -0.00, 183.49, 
 44951,     404.220000,   38.500,      0, En 1.710201590279e+12
 7.63e+07,  1.53e+12,  7.85e+10,  9.67e+10,   0.00, 183.66, 
 45535,     409.430000,   39.000,      0, En 1.709563557824e+12
 6.24e+07,  1.53e+12,  7.70e+10,  1.03e+11,  -0.00, 183.67, 
 46119,     414.630000,   39.500,      0, En 1.706823367830e+12
 6.94e+07,  1.52e+12,  7.56e+10,  1.07e+11,  -0.00, 183.45, 
 46703,     419.880000,   40.000,      0, En 1.713113011387e+12
 8.23e+07,  1.53e+12,  7.73e+10,  1.05e+11,  -0.00, 183.61, 
 47286,     425.080000,   40.500,      0, En 1.705102835801e+12
 1.17e+08,  1.53e+12,  7.75e+10,  9.75e+10,  -0.00, 183.63, 
 47870,     430.300000,   41.000,      0, En 1.704533818689e+12
 1.04e+08,  1.53e+12,  7.75e+10,  1.00e+11,  -0.00, 183.59, 
 48454,     435.520000,   41.500,      0, En 1.709580352202e+12
 1.05e+08,  1.53e+12,  7.73e+10,  1.01e+11,  -0.00, 183.59, 
 49038,     440.760000,   42.000,      0, En 1.710142350243e+12
 9.12e+07,  1.53e+12,  7.70e+10,  1.05e+11,  -0.00, 183.48, 
 49622,     445.970000,   42.500,      0, En 1.706916100529e+12
 9.01e+07,  1.53e+12,  7.54e+10,  1.04e+11,  -0.00, 183.51, 
 50205,     451.180000,   43.000,      0, En 1.716445397801e+12
 6.65e+07,  1.53e+12,  7.76e+10,  1.06e+11,  -0.00, 183.54, 
 50789,     456.410000,   43.500,      0, En 1.692592885792e+12
 7.48e+07,  1.53e+12,  7.61e+10,  8.47e+10,  -0.00, 183.49, 
 51373,     461.620000,   44.000,      0, En 1.715102721135e+12
 6.86e+07,  1.53e+12,  7.62e+10,  1.06e+11,   0.00, 183.58, 
 51957,     466.820000,   44.500,      0, En 1.709044891488e+12
 1.13e+08,  1.53e+12,  7.71e+10,  1.05e+11,  -0.00, 183.51, 
 52541,     472.040000,   45.000,      0, En 1.722536974158e+12
 1.02e+08,  1.54e+12,  7.87e+10,  1.08e+11,  -0.00, 183.64, 
 53124,     477.260000,   45.500,      0, En 1.716960463977e+12
 7.05e+07,  1.53e+12,  7.88e+10,  1.03e+11,   0.00, 183.53, 
 53708,     482.480000,   46.000,      0, En 1.700932397507e+12
 7.19e+07,  1.53e+12,  7.78e+10,  9.30e+10,   0.00, 183.27, 
 54292,     487.700000,   46.500,      0, En 1.703211373933e+12
 1.17e+08,  1.53e+12,  7.73e+10,  9.54e+10,  -0.00, 183.41, 
 54876,     492.970000,   47.000,      0, En 1.716373207900e+12
 1.59e+08,  1.53e+12,  7.65e+10,  1.07e+11,   0.00, 183.37, 
 55459,     498.180000,   47.500,      0, En 1.713767192918e+12
 1.15e+08,  1.53e+12,  7.81e+10,  1.06e+11,   0.00, 183.49, 
 56043,     503.390000,   48.000,      0, En 1.714976372220e+12
 5.61e+07,  1.53e+12,  7.77e+10,  1.03e+11,  -0.00, 183.47, 
 56627,     508.620000,   48.500,      0, En 1.718827642363e+12
 5.95e+07,  1.54e+12,  7.73e+10,  1.06e+11,  -0.00, 183.56, 
 57211,     513.820000,   49.000,      0, En 1.717896008599e+12
 1.01e+08,  1.53e+12,  7.73e+10,  1.10e+11,   0.00, 183.40, 
 57795,     519.050000,   49.500,      0, En 1.703252692433e+12
 1.54e+08,  1.53e+12,  7.74e+10,  9.74e+10,  -0.00, 183.33, 
 58378,     524.260000,   50.000,      0, En 1.713622002664e+12
 9.64e+07,  1.53e+12,  7.70e+10,  1.11e+11,   0.00, 183.42, 
 58962,     529.480000,   50.500,      0, En 1.712152560644e+12
 6.88e+07,  1.53e+12,  7.71e+10,  1.07e+11,  -0.00, 183.38, 
 59546,     534.710000,   51.000,      0, En 1.712611763896e+12
 5.56e+07,  1.54e+12,  7.69e+10,  9.94e+10,  -0.00, 183.51, 
 60130,     539.990000,   51.500,      0, En 1.713684681652e+12
 7.42e+07,  1.52e+12,  7.56e+10,  1.13e+11,   0.00, 183.42, 
 60714,     545.200000,   52.000,      0, En 1.713703330657e+12
 8.80e+07,  1.53e+12,  7.60e+10,  1.09e+11,   0.00, 183.38, 
 61297,     550.400000,   52.500,      0, En 1.702850282237e+12
 8.83e+07,  1.52e+12,  7.62e+10,  1.03e+11,  -0.00, 183.36, 
 61881,     555.650000,   53.000,      0, En 1.714568810514e+12
 6.26e+07,  1.53e+12,  7.86e+10,  1.01e+11,  -0.00, 183.49, 
 62465,     560.870000,   53.500,      0, En 1.713269603287e+12
 5.95e+07,  1.52e+12,  7.84e+10,  1.13e+11,  -0.00, 183.34, 
 63049,     566.090000,   54.000,      0, En 1.717739093218e+12
 5.65e+07,  1.53e+12,  7.77e+10,  1.08e+11,  -0.00, 183.50, 
 63632,     571.330000,   54.500,      0, En 1.719948257476e+12
 6.91e+07,  1.54e+12,  7.75e+10,  1.05e+11,   0.00, 183.49, 
 64216,     576.570000,   55.000,      0, En 1.722048402205e+12
 1.09e+08,  1.53e+12,  7.87e+10,  1.10e+11,   0.00, 183.52, 
 64800,     581.790000,   55.500,      0, En 1.721839850162e+12
 9.27e+07,  1.53e+12,  7.95e+10,  1.08e+11,   0.00, 183.56, 
 65384,     586.990000,   56.000,      0, En 1.720404533870e+12
 6.61e+07,  1.54e+12,  8.02e+10,  1.02e+11,   0.00, 183.55, 
 65968,     592.240000,   56.500,      0, En 1.717009563779e+12
 6.33e+07,  1.53e+12,  7.88e+10,  1.05e+11,   0.00, 183.43, 
 66551,     597.450000,   57.000,      0, En 1.713525008425e+12
 1.04e+08,  1.52e+12,  7.84e+10,  1.11e+11,   0.00, 183.30, 
 67135,     602.680000,   57.500,      0, En 1.715473164173e+12
 1.29e+08,  1.53e+12,  7.83e+10,  1.04e+11,   0.00, 183.37, 
 67719,     607.880000,   58.000,      0, En 1.711701216765e+12
 9.36e+07,  1.53e+12,  7.72e+10,  1.05e+11,   0.00, 183.36, 
 68303,     613.120000,   58.500,      0, En 1.711597169486e+12
 6.46e+07,  1.52e+12,  7.68e+10,  1.11e+11,   0.00, 183.30, 
 68886,     618.320000,   59.000,      0, En 1.717535792524e+12
 5.95e+07,  1.53e+12,  7.55e+10,  1.10e+11,  -0.00, 183.35, 
 69470,     623.540000,   59.500,      0, En 1.706659239671e+12
 9.15e+07,  1.53e+12,  7.57e+10,  9.86e+10,  -0.00, 183.39, 
 70054,     628.750000,   60.000,      0, En 1.719328167091e+12
 1.02e+08,  1.53e+12,  7.66e+10,  1.08e+11,   0.00, 183.47, 
